3,0
5,0
6,0
2,0
1,0
5,1
3,1
6,1
0,1
0,2
5,2
3,2
6,2
5,3
4,3
0,3
1,3
2,3
7,3
6,4
3,4
5,4
7,4
8,5
6,5
2,5
4,5
1,5
0,5
3,5
7,5
8,6
7,6
4,6
5,6
2,6
1,6
0,6
5,7
4,7
3,7
6,7
8,7
6,8
5,8
7,8
12,9
11,9
10,9
12,10
11,10
9,10
10,11
9,11
12,11
11,12
9,12
10,12
14,13
15,13
13,14
16,14
15,14
16,15
14,15
13,15
15,16
14,16
19,17
18,17
17,18
20,18
19,18
18,19
20,19
21,19
17,19
19,20
18,20
21,20
19,21
20,21
23,22
24,22
22,23
24,23
22,24
23,24
27,25
26,25
27,26
25,26
26,27
25,27
29,28
30,28
28,29
30,29
31,29
29,30
31,30
28,30
29,31
30,31
34,32
33,32
35,33
32,33
34,33
36,34
35,34
33,34
32,34
34,35
33,35
36,35
35,36
34,36
38,37
39,37
37,38
39,38
37,39
38,39
42,40
41,40
42,41
40,41
41,42
40,42
44,43
45,43
43,44
45,44
46,44
43,45
44,45
46,45
47,46
44,46
45,46
48,46
48,47
46,47
47,48
46,48
50,49
49,50
52,51
51,52
54,53
53,54
55,54
54,55
56,55
55,56
58,57
57,58
60,59
59,60
62,61
61,62
64,63
63,64
69,65
68,65
66,65
67,65
69,66
65,66
67,66
69,67
68,67
70,67
66,67
65,67
67,68
65,68
70,68
69,68
67,69
66,69
68,69
71,69
70,69
65,69
71,70
68,70
69,70
67,70
70,71
72,71
69,71
71,72
74,73
73,74
76,75
75,76
78,77
77,78
80,79
79,80
82,81
81,82
84,83
83,84
86,85
85,86
88,87
87,88
90,89
89,90
92,91
91,92
94,93
93,94
96,95
95,96
98,97
97,98
100,99
99,100
102,101
101,102
104,103
103,104
106,105
105,106
108,107
107,108
110,109
109,110
112,111
111,112
114,113
115,114
113,114
114,115
116,115
115,116
118,117
117,118
122,119
124,120
122,120
121,120
123,120
124,121
122,121
123,121
120,121
120,122
121,122
125,122
127,122
123,122
119,122
127,123
121,123
122,123
120,123
125,123
121,124
127,124
120,124
126,124
127,125
123,125
122,125
128,126
132,126
124,126
125,127
124,127
123,127
122,127
133,127
126,128
134,128
132,128
136,129
135,129
137,130
131,130
137,131
130,131
139,132
128,132
126,132
127,133
139,133
139,134
128,134
139,135
129,135
140,135
136,135
135,136
140,136
129,136
139,137
141,137
130,137
131,137
142,138
142,139
132,139
141,139
135,139
134,139
133,139
143,139
137,139
136,140
143,140
135,140
137,141
139,141
143,141
143,142
139,142
138,142
141,143
140,143
139,143
144,143
142,143
143,144
146,145
145,146
148,147
147,148
150,148
149,148
150,149
148,149
149,150
151,150
148,150
150,151
153,152
152,153
154,153
153,154
156,155
155,156
158,157
157,158
160,159
159,160
162,161
161,162
164,163
163,164
165,164
164,165
167,166
166,167
169,168
168,169
171,170
170,171
173,172
172,173
175,174
174,175
177,176
176,177
179,178
178,179
181,180
180,181
183,182
184,182
182,183
184,183
185,184
182,184
183,184
184,185
187,186
186,187
189,188
188,189
191,190
190,191
193,192
192,193
195,194
194,195
197,196
196,197
199,198
198,199
201,200
200,201
203,202
202,203
205,204
204,205
207,206
206,207
209,208
208,209
210,209
209,210
212,211
211,212
214,213
213,214
216,215
215,216
218,217
217,218
220,219
219,220
225,221
237,222
240,223
248,224
221,225
249,225
254,226
242,226
254,227
242,227
259,228
235,229
272,229
272,230
272,231
233,232
236,232
273,232
234,232
272,232
234,233
236,233
232,233
273,233
273,234
232,234
233,234
273,235
229,235
272,235
233,236
232,236
273,236
275,237
222,237
282,238
284,239
281,239
288,240
223,240
290,241
288,241
289,241
254,242
293,242
226,242
227,242
296,243
265,244
245,244
308,244
308,245
244,245
311,246
315,247
248,247
250,247
247,248
224,248
315,248
225,249
315,249
247,250
315,250
323,251
326,252
328,253
242,254
330,254
226,254
227,254
257,255
331,255
331,256
257,256
255,257
293,257
256,257
332,257
331,258
332,258
228,259
335,259
339,260
344,261
351,262
352,263
357,264
360,265
308,265
244,265
360,266
295,266
360,267
363,268
366,269
366,270
366,271
231,272
229,272
230,272
232,272
273,272
235,272
367,272
367,273
233,273
232,273
235,273
272,273
236,273
234,273
367,274
237,275
367,275
368,275
370,276
370,277
372,278
375,279
297,279
379,280
290,280
288,280
239,281
381,281
282,281
381,282
238,282
281,282
308,283
381,283
239,284
381,284
390,285
390,286
391,287
280,288
240,288
396,288
241,288
289,288
396,289
290,289
288,289
241,289
397,290
280,290
401,290
289,290
396,290
241,290
333,290
400,290
403,291
334,292
407,292
330,292
331,292
330,293
409,293
309,293
257,293
308,293
242,293
308,294
412,294
341,294
413,295
266,295
415,296
399,296
402,296
243,296
375,297
298,297
450,297
279,297
450,298
375,298
297,298
453,299
454,299
456,300
359,300
456,301
456,302
457,303
463,304
464,305
471,306
483,307
491,308
294,308
244,308
245,308
310,308
265,308
293,308
283,308
491,309
409,309
330,309
374,309
311,309
310,309
293,309
311,310
380,310
491,310
308,310
309,310
246,311
403,311
309,311
310,311
491,311
499,312
502,313
503,313
357,313
503,314
357,314
247,315
248,315
250,315
249,315
507,315
514,316
516,317
518,318
519,319
519,320
523,321
523,322
524,322
251,323
525,323
526,323
528,324
531,325
534,326
252,326
415,327
349,327
348,327
328,327
535,327
253,328
354,328
536,328
327,328
537,329
409,330
292,330
309,330
334,330
407,330
543,330
293,330
254,330
332,331
543,331
258,331
535,331
292,331
255,331
256,331
461,331
257,332
258,332
331,332
543,332
290,333
400,333
543,333
292,334
330,334
543,334
544,335
259,335
412,335
555,336
557,337
561,338
567,339
568,339
260,339
570,340
431,340
569,340
294,341
412,341
576,341
576,342
574,343
577,343
261,344
588,344
518,345
588,345
575,346
589,346
592,347
327,348
354,348
349,348
595,348
535,348
348,349
595,349
327,349
536,349
402,350
415,350
399,350
595,350
396,351
262,351
536,351
595,351
263,352
563,352
596,352
596,353
597,354
599,354
348,354
535,354
397,354
328,354
613,355
356,355
355,356
613,356
314,357
503,357
313,357
264,357
615,357
619,358
300,359
456,359
457,359
624,359
625,360
267,360
265,360
414,360
413,360
266,360
628,361
635,362
636,362
638,363
268,363
580,364
643,364
645,365
269,366
270,366
271,366
647,366
275,367
649,367
368,367
274,367
272,367
273,367
275,368
367,368
649,368
649,369
277,370
276,370
650,370
650,371
653,372
278,372
656,373
652,373
409,373
652,374
309,374
656,374
279,375
297,375
298,375
661,375
662,376
662,377
662,378
280,379
663,379
457,379
456,379
310,380
664,380
281,381
383,381
282,381
382,381
665,381
594,381
284,381
283,381
665,382
381,382
383,382
497,382
381,383
382,383
665,383
594,383
674,384
678,385
679,386
680,387
680,388
428,389
681,389
689,390
286,390
285,390
702,391
287,391
411,391
393,392
702,392
392,393
702,393
436,394
707,394
417,395
711,395
289,396
713,396
397,396
290,396
288,396
351,396
290,397
354,397
713,397
396,397
399,398
713,398
296,399
398,399
714,399
350,399
402,399
714,400
543,400
333,400
290,400
713,401
714,401
290,401
543,401
296,402
350,402
714,402
399,402
404,403
291,403
311,403
622,403
491,403
715,403
403,404
715,404
405,404
670,405
715,405
404,405
670,406
715,406
292,407
330,407
716,407
716,408
293,409
309,409
717,409
373,409
330,409
729,410
730,410
731,411
702,411
391,411
743,412
335,412
341,412
294,412
360,413
743,413
295,413
414,413
743,414
413,414
360,414
296,415
714,415
744,415
327,415
350,415
744,416
395,417
758,417
760,418
761,419
420,419
761,420
419,420
761,421
765,422
767,423
498,424
771,424
772,425
427,426
777,426
426,427
777,427
778,428
389,428
780,429
430,429
771,429
429,430
780,430
781,431
571,431
570,431
340,431
568,431
567,431
783,432
749,432
749,433
783,433
783,434
788,435
394,436
789,436
792,437
799,438
767,438
760,438
583,439
799,439
583,440
799,440
583,441
799,441
803,442
803,443
804,444
806,445
764,445
807,446
809,447
811,448
825,449
806,449
297,450
775,450
298,450
661,450
828,450
711,451
829,451
834,452
299,453
454,453
840,453
299,454
453,454
840,454
843,455
457,456
458,456
359,456
844,456
379,456
300,456
663,456
302,456
301,456
456,457
303,457
379,457
359,457
458,457
663,457
844,457
844,458
456,458
457,458
847,459
850,460
331,461
854,461
866,462
803,462
304,463
869,463
869,464
305,464
871,465
839,466
872,466
873,467
825,467
874,468
874,469
880,470
894,471
306,471
895,472
900,473
901,474
695,475
905,475
913,476
914,477
860,478
480,478
915,478
858,478
859,478
479,478
478,479
915,479
859,479
860,479
478,480
915,480
917,481
920,482
922,483
307,483
927,484
931,485
664,486
932,486
932,487
564,487
932,488
934,489
935,490
403,491
308,491
309,491
310,491
311,491
937,491
944,492
949,493
956,494
700,495
961,495
973,496
382,497
974,497
424,498
975,498
312,499
976,499
910,500
990,500
991,501
578,501
510,501
313,502
991,502
996,503
357,503
991,503
313,503
314,503
505,504
996,504
973,504
973,505
996,505
504,505
1001,506
944,507
315,507
1010,507
944,508
1010,508
1010,509
1011,510
501,510
861,511
1015,511
1019,512
1023,513
316,514
1024,514
1036,515
1031,515
317,516
1041,516
846,517
968,517
969,517
1046,517
318,518
1047,518
345,518
522,519
320,519
1061,519
319,519
1061,520
521,520
1062,521
520,521
1063,522
519,522
322,523
524,523
321,523
1064,523
322,524
1064,524
525,524
523,524
1064,525
524,525
323,525
1064,526
323,526
1066,527
1088,528
324,528
530,529
1091,529
529,530
1091,530
1083,531
325,531
1093,531
751,532
1095,532
1095,533
1097,534
326,534
599,535
327,535
348,535
354,535
331,535
536,535
1101,535
535,536
328,536
349,536
1101,536
537,536
351,536
329,537
1101,537
536,537
595,537
1101,538
1100,539
772,539
1102,539
1100,540
1102,540
1028,541
542,541
1104,541
541,542
1104,542
334,543
744,543
716,543
400,543
330,543
331,543
332,543
401,543
333,543
1105,543
335,544
1105,544
1080,545
1103,545
858,545
1106,545
1116,546
1113,546
1091,547
1130,547
1091,548
1131,548
1132,548
1130,548
1132,549
1091,549
1130,549
1133,550
1130,550
1138,550
1136,551
1139,551
1071,552
1072,552
1141,552
1144,553
1130,553
1152,554
336,555
556,555
1157,555
555,556
1157,556
1157,557
337,557
1157,558
800,559
820,559
1168,559
703,559
773,560
1169,560
1169,561
338,561
1169,562
352,563
1172,563
932,564
487,564
1173,564
1175,565
809,566
1176,566
339,567
431,567
1179,567
781,567
1179,568
339,568
431,568
340,569
1179,569
431,570
340,570
1180,570
571,570
570,571
1180,571
431,571
1185,572
1177,573
574,573
670,573
1189,573
1189,574
1190,574
343,574
573,574
1081,575
1191,575
346,575
342,576
341,576
1192,576
1194,577
343,577
1193,577
1203,578
1202,578
501,578
911,578
1206,579
643,580
911,580
364,580
1213,580
584,581
1214,581
790,582
698,582
1217,582
789,582
1215,582
1216,582
441,583
799,583
440,583
1218,583
439,583
581,584
1220,584
1222,585
586,585
1222,586
585,586
981,587
1229,587
987,588
1231,588
344,588
345,588
1233,589
346,589
719,590
718,590
1234,590
613,591
1235,591
347,592
1238,592
1016,593
1239,593
1054,593
1007,593
600,594
383,594
598,594
601,594
1024,594
1241,594
381,594
844,594
715,594
350,595
597,595
351,595
349,595
1241,595
537,595
348,595
1241,596
353,596
352,596
845,596
1172,596
1241,597
354,597
595,597
600,598
1241,598
594,598
1241,599
535,599
354,599
598,600
1241,600
594,600
1241,601
594,601
1241,602
1241,603
1241,604
1241,605
1241,606
1241,607
1241,608
1241,609
1241,610
1241,611
1241,612
1242,613
356,613
591,613
355,613
1246,614
1207,614
1247,615
1000,615
1203,615
357,615
1249,616
915,616
619,616
1249,617
1254,618
1013,619
616,619
999,619
358,619
1266,619
853,620
1267,620
1268,621
1270,622
626,622
403,622
627,623
1270,623
359,624
1270,624
1270,625
360,625
1270,626
622,626
623,627
1270,627
1272,628
993,628
361,628
1272,629
1273,630
1280,631
1280,632
1280,633
1282,634
1288,635
1126,635
362,635
636,635
1125,635
637,635
1125,636
362,636
635,636
1288,636
637,636
1125,637
1288,637
635,637
636,637
1288,638
1129,638
363,638
979,638
1288,639
640,639
641,639
639,640
1288,640
1288,641
639,641
1289,642
1213,643
364,643
1290,643
1212,643
580,643
1120,644
1294,644
1295,645
365,645
1091,645
1306,646
366,647
1307,647
1307,648
367,649
368,649
369,649
1315,649
1315,650
371,650
370,650
1316,651
374,652
656,652
373,652
1322,652
1322,653
372,653
1324,654
866,654
655,654
866,655
1324,655
654,655
373,656
1332,656
657,656
374,656
652,656
656,657
1171,657
1332,657
1352,658
1355,659
1365,660
375,661
450,661
1369,661
376,662
378,662
377,662
1372,662
457,663
456,663
379,663
844,663
1373,663
486,664
932,664
380,664
1373,664
381,665
1373,665
383,665
382,665
667,666
1373,666
666,667
1373,667
1373,668
1373,669
406,670
1374,670
405,670
573,670
1377,671
1377,672
1379,673
384,674
1383,674
1385,675
676,675
1385,676
675,676
774,677
792,677
773,677
1387,677
711,677
385,678
1387,678
710,678
1387,679
386,679
388,680
1389,680
387,680
389,681
1391,681
1395,682
1334,683
1397,683
1397,684
685,684
1397,685
684,685
1397,686
830,687
712,687
1369,687
1368,687
1401,687
1401,688
796,688
390,689
1401,689
980,690
1402,690
928,690
848,690
794,691
793,691
1402,691
1402,692
756,693
1403,693
1404,694
475,695
770,695
1405,695
1405,696
1404,697
1387,697
1298,697
1406,697
828,697
582,698
1407,698
791,698
1214,698
1407,699
724,699
1219,699
495,700
1407,700
1407,701
1268,701
391,702
800,702
768,702
392,702
411,702
393,702
1408,702
1408,703
722,703
559,703
799,703
820,704
1408,704
929,704
1405,704
1408,705
767,705
1408,706
726,706
825,707
1409,707
394,707
1409,708
825,708
825,709
1409,709
1410,710
774,710
1409,710
1266,710
746,710
678,710
769,710
677,711
395,711
1410,711
451,711
687,712
1411,712
396,713
743,713
397,713
401,713
1412,713
717,713
714,713
398,713
402,714
1412,714
415,714
399,714
713,714
400,714
744,714
401,714
594,715
404,715
1412,715
406,715
405,715
403,715
1192,716
407,716
1412,716
543,716
408,716
409,717
713,717
1412,717
1412,718
590,718
1234,718
1412,719
590,719
1413,720
1403,720
764,720
1368,721
1413,721
703,722
767,722
1414,722
1408,722
790,723
1414,723
699,724
1407,724
1415,724
1409,724
736,725
1415,725
772,725
706,726
1415,726
1416,727
739,727
738,727
737,727
928,727
1402,727
848,727
980,727
768,728
1408,728
1417,728
800,728
801,729
786,729
410,729
1418,729
1418,730
786,730
410,730
801,730
820,731
1418,731
411,731
823,732
1419,732
873,732
775,732
825,733
873,733
1419,733
775,734
1419,734
873,734
1419,735
772,736
1415,736
725,736
1420,736
1421,737
1402,737
727,737
928,737
1416,737
1421,738
928,738
1402,738
1416,738
727,738
1421,739
1402,739
928,739
727,739
861,740
1423,740
1423,741
1423,742
413,743
414,743
958,743
412,743
713,743
1424,743
714,744
416,744
415,744
543,744
1424,744
1424,745
1171,745
775,746
1426,746
710,746
1428,747
1422,748
1429,748
823,749
433,749
1430,749
432,749
1430,750
1418,751
1168,751
532,751
1431,751
820,751
1431,752
848,753
1402,753
1158,753
1432,753
1402,754
848,754
1432,754
1402,755
1416,755
1432,755
1403,756
693,756
1433,756
1433,757
818,757
1404,758
1434,758
1403,758
417,758
1434,759
1435,760
1100,760
438,760
418,760
1298,760
419,761
421,761
1215,761
1435,761
420,761
1391,762
1435,762
1435,763
1407,763
445,764
1436,764
806,764
720,764
1413,764
776,765
1413,765
422,765
1436,765
1413,766
776,766
1436,766
705,767
722,767
438,767
423,767
1437,767
779,768
1437,768
728,768
702,768
710,769
1409,769
1438,769
770,769
695,770
1438,770
769,770
424,771
1439,771
429,771
831,771
425,772
736,772
539,772
1420,772
1401,772
725,772
1440,772
560,773
1169,773
1442,773
677,773
677,774
710,774
1442,774
1443,775
873,775
1436,775
732,775
734,775
746,775
450,775
765,776
1444,776
766,776
779,776
426,777
1430,777
1410,777
1445,777
427,777
428,778
1387,778
1445,778
1410,778
1417,779
768,779
800,779
776,779
1446,779
1408,779
1447,780
429,780
430,780
1179,781
1449,781
567,781
431,781
1450,782
432,783
823,783
434,783
433,783
1452,783
1455,784
823,784
1406,784
1455,785
823,785
1406,785
729,786
1456,786
730,786
1405,787
1456,787
799,788
822,788
435,788
793,788
794,788
1457,788
1406,788
1458,789
436,789
582,789
1168,789
790,789
582,790
723,790
789,790
1414,790
1458,790
698,791
1216,791
1460,791
437,792
677,792
1446,792
1463,792
788,793
691,793
1463,793
1463,794
788,794
691,794
1427,795
1414,795
1464,795
1404,796
688,796
1401,796
1428,796
1465,796
1466,797
1413,797
1443,797
1466,798
1218,799
438,799
439,799
440,799
788,799
441,799
1468,799
1406,799
583,799
1448,799
703,799
1457,799
728,800
559,800
1462,800
702,800
779,800
1468,800
730,801
729,801
1468,801
1470,802
442,803
443,803
462,803
1471,803
1042,803
444,804
805,804
1474,804
804,805
1474,805
445,806
764,806
1475,806
449,806
1475,807
446,807
1459,808
1410,808
1426,808
1473,808
961,808
1478,808
1480,809
1453,809
1429,809
566,809
1422,809
1175,809
447,809
1454,809
1426,810
813,810
1405,810
1482,810
448,811
1484,811
1371,812
1485,812
1488,813
810,813
1426,813
825,814
1431,814
1409,814
1490,814
815,814
825,815
1409,815
1490,815
814,815
1492,816
1496,817
1497,818
757,818
1433,818
1498,819
1501,820
751,820
1418,820
731,820
1473,820
704,820
1481,820
559,820
1502,821
1503,822
788,822
1409,822
1430,823
1505,823
749,823
732,823
873,823
783,823
784,823
785,823
1506,824
1401,824
814,825
733,825
707,825
1514,825
1266,825
709,825
449,825
467,825
708,825
815,825
1336,825
1518,826
1524,827
1525,828
450,828
697,828
1532,829
451,829
1539,830
687,830
1369,830
1368,830
1401,831
1405,831
1543,831
771,831
1387,832
1547,832
1406,832
1547,833
1482,833
1391,833
1458,834
452,834
1420,834
1548,834
1392,835
1548,835
1240,835
1548,836
1548,837
1552,838
1556,839
466,839
1560,840
454,840
453,840
1027,840
1298,841
1562,841
1570,842
1574,842
1569,842
455,843
1578,843
1241,844
456,844
594,844
458,844
663,844
457,844
1583,844
1583,845
596,845
1172,845
968,846
517,846
1583,846
1583,847
1373,847
459,847
1402,848
1584,848
928,848
1416,848
754,848
690,848
753,848
727,848
1584,849
1471,849
460,850
852,850
1586,850
974,851
1586,851
852,851
1586,852
850,852
851,852
620,853
1586,853
461,854
1586,854
1587,855
1588,856
1589,857
1397,857
545,858
1590,858
1162,858
478,858
479,859
1590,859
478,859
479,860
1590,860
478,860
1423,861
511,861
1593,861
1158,861
740,861
1302,862
1595,862
1595,863
1599,864
1599,865
1324,866
1601,866
926,866
867,866
655,866
462,866
654,866
1601,867
866,867
1323,867
1397,867
1605,868
1038,868
1324,868
1306,869
1552,869
464,869
463,869
1609,869
1048,870
956,870
1609,870
871,870
465,871
870,871
1609,871
1613,872
466,872
733,873
1616,873
1402,873
467,873
734,873
732,873
775,873
823,873
1504,873
1419,873
469,874
1616,874
1320,874
468,874
1616,875
876,875
1096,875
1096,876
1616,876
875,876
979,877
1341,877
1616,877
1397,878
1616,878
1162,878
1613,879
1060,879
880,879
1621,879
879,880
470,880
1621,880
1595,881
1624,881
1625,882
1030,882
883,882
884,882
1625,883
1030,883
882,883
882,884
1625,884
1625,885
889,886
1615,886
1626,886
887,886
886,887
1555,887
1626,887
1508,888
1626,888
1626,889
886,889
1626,890
1626,891
1626,892
1626,893
1628,894
471,894
1382,894
472,895
1628,895
950,895
1629,896
1316,896
1629,897
1427,898
902,898
901,898
900,898
904,898
899,898
903,898
1631,898
901,899
1631,899
898,899
902,899
1427,899
473,900
902,900
898,900
904,900
1631,900
903,901
899,901
1631,901
474,901
898,901
1631,902
900,902
899,902
1427,902
898,902
1631,903
901,903
898,903
900,904
898,904
1631,904
1632,905
475,905
1026,905
1640,906
1640,907
1641,907
1597,908
1642,908
1644,909
994,910
1645,910
997,910
500,910
990,910
1645,911
578,911
580,911
1290,911
1253,911
973,912
996,912
1645,912
476,913
1645,913
1645,914
477,914
478,915
480,915
1649,915
1590,915
479,915
616,915
1650,916
1367,916
1656,917
1047,917
481,917
1656,918
1658,919
1270,920
924,920
922,920
482,920
1272,920
1659,920
1424,921
979,921
958,921
1659,921
1274,921
920,922
1659,922
483,922
925,922
924,922
1103,923
958,923
1659,923
985,923
920,924
922,924
925,924
1659,924
922,925
924,925
1659,925
1659,926
866,926
484,927
1666,927
1425,928
1432,928
1667,928
980,928
1491,928
848,928
739,928
690,928
1416,928
737,928
727,928
738,928
704,929
1667,929
1437,929
1225,930
1667,930
1667,931
485,931
564,932
486,932
487,932
664,932
1048,932
1668,932
488,932
933,932
1668,933
932,933
1048,933
1673,934
489,934
1676,935
490,935
1191,936
1677,936
1678,937
1412,937
491,937
1273,937
1678,938
1681,939
1048,940
1685,940
1687,941
1692,942
1697,943
1010,944
507,944
508,944
1707,944
492,944
946,945
1398,945
1713,945
1713,946
945,946
1316,947
1716,947
948,947
1382,947
1716,948
947,948
1718,949
493,949
1693,950
1719,950
895,950
1720,951
952,951
951,952
1720,952
1728,953
1730,954
1735,955
494,956
964,956
870,956
1741,956
1748,957
1227,957
985,958
743,958
921,958
1749,958
923,958
1749,959
1749,960
1095,961
1750,961
808,961
1435,961
495,961
1473,961
1750,962
1448,962
1449,962
1412,963
1750,963
1668,964
956,964
1751,964
968,965
1173,965
1752,965
1754,966
1756,967
517,968
1173,968
846,968
965,968
1758,968
1758,969
517,969
1752,969
1758,970
1697,970
1683,971
1758,971
1758,972
1227,973
504,973
996,973
912,973
1759,973
496,973
505,973
851,974
497,974
1759,974
1586,974
498,975
1759,975
1762,976
499,976
1228,976
1768,977
1771,978
1230,979
1772,979
638,979
921,979
877,979
1229,979
1402,980
690,980
1772,980
928,980
727,980
1416,980
587,981
1772,981
1229,981
1772,982
1645,982
1772,983
1772,984
1776,985
958,985
923,985
1751,986
1776,986
1776,987
588,987
1776,988
1751,988
1776,989
1777,990
1645,990
500,990
910,990
1290,990
501,991
502,991
503,991
1777,991
1254,992
1777,992
1324,992
1605,992
628,993
1777,993
1777,994
910,994
1777,995
1290,995
504,996
503,996
973,996
1645,996
1778,996
505,996
912,996
910,997
1645,997
1777,997
1778,997
1778,998
1290,998
1777,998
1779,999
619,999
1704,999
1013,999
1781,1000
1201,1000
615,1000
506,1001
1248,1001
1781,1001
1781,1002
1786,1003
1641,1003
1012,1003
1782,1004
1785,1004
1787,1004
1645,1005
1640,1005
1792,1005
1054,1006
1793,1006
1793,1007
593,1007
1794,1008
1773,1008
1799,1009
944,1010
509,1010
508,1010
507,1010
1800,1010
1012,1010
1246,1011
1777,1011
510,1011
1800,1011
1290,1011
1003,1012
1010,1012
1800,1012
1801,1013
1779,1013
619,1013
999,1013
1801,1014
511,1015
1340,1015
1267,1015
1802,1015
1806,1016
593,1016
1806,1017
1807,1018
1621,1018
512,1019
1812,1019
1044,1020
1813,1020
1073,1020
1043,1021
1813,1021
1394,1022
1751,1022
1814,1022
513,1023
1818,1023
514,1024
1390,1024
1241,1024
1307,1024
594,1024
1824,1024
1824,1025
1632,1025
1032,1025
1307,1025
905,1026
1307,1026
1824,1026
1825,1027
1275,1027
840,1027
541,1028
1104,1028
1827,1028
1829,1029
1032,1029
883,1030
1625,1030
882,1030
1830,1030
1830,1031
515,1031
1831,1031
1714,1032
1033,1032
1832,1032
1029,1032
1025,1032
1032,1033
1832,1033
1832,1034
1377,1035
1834,1035
1036,1035
515,1036
1035,1036
1834,1036
1834,1037
1788,1037
1837,1038
1605,1038
1324,1038
868,1038
1599,1039
1818,1039
1838,1039
1840,1040
516,1041
1841,1041
1842,1042
803,1042
1045,1043
1843,1043
1021,1043
1073,1044
1844,1044
1020,1044
1310,1045
1393,1045
1697,1045
1752,1045
1758,1045
1043,1045
1846,1045
1847,1046
1812,1046
1682,1046
1285,1046
1688,1046
517,1046
1680,1046
917,1047
518,1047
1852,1047
1256,1048
1854,1048
940,1048
932,1048
933,1048
870,1048
1857,1049
1183,1049
1674,1050
1846,1050
1864,1050
1412,1051
1754,1051
1865,1051
1865,1052
1754,1052
1412,1052
1865,1053
1864,1053
1794,1054
593,1054
1850,1054
1796,1054
1867,1054
1055,1054
1006,1054
1793,1055
1054,1055
1867,1055
1633,1055
1794,1055
1871,1056
1871,1057
1872,1057
1622,1058
1879,1058
1621,1058
1879,1059
1621,1059
1622,1059
1621,1060
879,1060
1879,1060
1067,1061
1063,1061
1066,1061
1880,1061
519,1061
520,1061
1062,1061
1068,1061
1070,1062
1065,1062
1880,1062
1063,1062
521,1062
1061,1062
1606,1063
1880,1063
1062,1063
522,1063
1061,1063
1067,1063
523,1064
524,1064
1880,1064
525,1064
526,1064
1068,1064
1062,1065
1069,1065
1070,1065
1880,1065
1066,1065
1069,1066
1880,1066
527,1066
1065,1066
1061,1066
1880,1067
1606,1067
1061,1067
1063,1067
1880,1068
1064,1068
1061,1068
1065,1069
1066,1069
1880,1069
1062,1070
1880,1070
1065,1070
552,1071
1882,1071
1147,1071
1141,1071
1147,1072
1882,1072
552,1072
1020,1073
1075,1073
1044,1073
1883,1073
1074,1073
1818,1073
1813,1073
1883,1074
1841,1074
1075,1074
1818,1074
1073,1074
1073,1075
1883,1075
1074,1075
1885,1076
1885,1077
1818,1078
1819,1078
1886,1078
1813,1078
1837,1078
1887,1079
545,1080
1846,1080
1895,1080
1762,1081
1895,1081
575,1081
1895,1082
1898,1083
531,1083
1691,1083
1084,1083
1093,1084
1898,1084
1083,1084
1898,1085
1691,1085
1899,1086
1903,1087
1714,1087
1903,1088
528,1088
1904,1089
1906,1089
1907,1090
1150,1090
1115,1090
548,1091
1130,1091
1908,1091
529,1091
1132,1091
1133,1091
1135,1091
645,1091
1136,1091
549,1091
1138,1091
1092,1091
1131,1091
1149,1091
530,1091
1142,1091
1143,1091
547,1091
1131,1092
1091,1092
1908,1092
1909,1093
1084,1093
1898,1093
531,1093
1691,1093
1910,1094
1911,1095
1321,1095
533,1095
961,1095
532,1095
875,1096
876,1096
1911,1096
534,1097
1913,1097
1317,1098
1913,1098
1913,1099
1879,1099
1918,1100
1298,1100
1102,1100
540,1100
539,1100
760,1100
535,1101
1918,1101
536,1101
538,1101
537,1101
1918,1102
539,1102
540,1102
1100,1102
1918,1103
923,1103
545,1103
1274,1103
542,1104
541,1104
1028,1104
1918,1104
544,1105
1918,1105
543,1105
1918,1106
545,1106
1108,1107
1373,1107
1921,1107
1107,1108
1921,1108
1921,1109
1397,1109
1922,1110
1925,1111
1738,1112
1119,1112
1118,1112
1116,1112
1926,1112
1117,1112
1151,1113
1926,1113
546,1113
1926,1114
1904,1114
1148,1115
1090,1115
1120,1115
1907,1115
1294,1115
1927,1115
1926,1116
546,1116
1151,1116
1112,1116
1927,1116
1119,1117
1112,1117
1926,1117
1927,1117
1112,1118
1738,1118
1926,1118
1927,1118
1927,1119
1112,1119
1117,1119
1926,1119
1927,1120
1115,1120
644,1120
1926,1121
1727,1121
1927,1121
1738,1122
1927,1122
1927,1123
1926,1123
1915,1124
1928,1124
1288,1125
635,1125
1289,1125
636,1125
637,1125
1930,1125
1126,1125
1289,1126
1930,1126
1288,1126
1125,1126
635,1126
1930,1127
1289,1127
1288,1127
1289,1128
1930,1128
1288,1128
1930,1129
1288,1129
638,1129
1091,1130
549,1130
548,1130
1144,1130
1132,1130
1143,1130
1133,1130
1145,1130
1931,1130
1134,1130
1146,1130
1135,1130
1149,1130
553,1130
550,1130
547,1130
1137,1130
1138,1130
1140,1130
1091,1131
1135,1131
548,1131
1132,1131
1142,1131
1134,1131
1092,1131
1931,1131
1908,1131
1130,1132
1131,1132
1135,1132
1931,1132
549,1132
1091,1132
548,1132
550,1133
1138,1133
1130,1133
1091,1133
1931,1133
1142,1133
1145,1133
1136,1134
1931,1134
1131,1134
1139,1134
1130,1134
1137,1134
1130,1135
1931,1135
1091,1135
1132,1135
1131,1135
1134,1136
1931,1136
1137,1136
1091,1136
551,1136
1931,1137
1139,1137
1130,1137
1136,1137
1134,1137
550,1138
1091,1138
1133,1138
1931,1138
1130,1138
1134,1139
551,1139
1137,1139
1931,1139
1130,1140
1153,1140
1146,1140
1931,1140
1071,1141
1882,1141
552,1141
1931,1141
1133,1142
1931,1142
1091,1142
1131,1142
1931,1143
1091,1143
1130,1143
1130,1144
553,1144
1931,1144
1130,1145
1931,1145
1133,1145
1130,1146
1931,1146
1140,1146
1072,1147
1071,1147
1931,1147
1115,1148
1926,1148
1931,1148
1130,1149
1091,1149
1931,1149
1931,1150
1904,1150
1090,1150
1113,1151
1931,1151
1116,1151
1931,1152
554,1152
1140,1153
1931,1153
1932,1154
1932,1155
1933,1156
558,1157
557,1157
556,1157
555,1157
1935,1157
753,1158
1402,1158
1936,1158
1160,1158
1159,1158
861,1158
1522,1158
1421,1158
1421,1159
1158,1159
1936,1159
1160,1159
1936,1160
1158,1160
1159,1160
1938,1161
1162,1161
1161,1162
878,1162
1939,1162
858,1162
1603,1162
1397,1163
1939,1163
1603,1164
1940,1164
1354,1165
1937,1165
1941,1165
1323,1166
1943,1166
1304,1166
1600,1166
1330,1167
1944,1167
751,1168
1949,1168
1415,1168
559,1168
1517,1168
1630,1168
789,1168
562,1169
1949,1169
773,1169
560,1169
561,1169
1298,1170
1949,1170
1391,1170
1332,1171
745,1171
1955,1171
657,1171
845,1172
1955,1172
596,1172
563,1172
968,1173
564,1173
965,1173
1673,1173
1958,1173
1956,1174
1957,1174
1758,1174
1958,1174
809,1175
1962,1175
565,1175
566,1176
1962,1176
1721,1177
1967,1177
1189,1177
573,1177
1967,1178
1968,1179
1449,1179
568,1179
1180,1179
569,1179
781,1179
567,1179
571,1180
570,1180
1179,1180
1968,1180
1770,1181
1972,1181
1775,1182
1972,1182
1049,1183
1974,1183
1974,1184
1637,1184
1974,1185
572,1185
1977,1186
1748,1186
1972,1186
1645,1187
1978,1187
1212,1187
1982,1188
574,1189
1967,1189
1985,1189
1194,1189
573,1189
1177,1189
1611,1190
574,1190
1193,1190
1985,1190
1772,1190
1196,1190
1675,1191
936,1191
1985,1191
575,1191
1985,1192
716,1192
576,1192
1985,1193
1190,1193
577,1193
1985,1194
1189,1194
577,1194
1967,1195
1239,1195
1985,1195
1985,1196
1190,1196
1198,1197
1985,1197
1197,1198
1985,1198
1986,1199
1328,1199
1980,1200
1986,1200
1000,1201
1250,1201
1987,1201
578,1202
1987,1202
1247,1202
1988,1202
1203,1202
1246,1202
1202,1203
615,1203
1987,1203
578,1203
1780,1203
1988,1203
1825,1204
1987,1204
1205,1204
1988,1204
1780,1204
1988,1205
1204,1205
1246,1205
1987,1205
579,1206
1987,1206
1988,1206
614,1207
1988,1207
1211,1208
1989,1208
1210,1208
1989,1209
1792,1209
1208,1210
1989,1210
1208,1211
1989,1211
643,1212
1187,1212
1990,1212
1792,1212
1798,1212
1990,1213
1290,1213
643,1213
580,1213
698,1214
1217,1214
581,1214
1221,1214
1991,1214
1215,1214
1220,1214
1216,1214
1407,1214
582,1215
1407,1215
761,1215
1214,1215
1991,1215
582,1216
1214,1216
791,1216
1407,1216
1991,1216
1214,1217
1407,1217
1991,1217
582,1217
583,1218
1991,1218
799,1218
1407,1219
699,1219
1991,1219
584,1220
1214,1220
1991,1220
1991,1221
1214,1221
586,1222
1773,1222
585,1222
1993,1222
1993,1223
1993,1224
1964,1225
1994,1225
930,1225
1965,1226
1994,1226
973,1227
1995,1227
1963,1227
957,1227
1230,1228
1229,1228
1232,1228
1895,1228
1998,1228
976,1228
1274,1228
1230,1229
981,1229
587,1229
979,1229
1998,1229
1228,1229
1229,1230
979,1230
1998,1230
1228,1230
1998,1231
588,1231
1373,1231
1963,1232
1228,1232
1998,1232
589,1233
1972,1233
1998,1233
590,1234
1998,1234
718,1234
591,1235
1998,1235
1998,1236
1998,1237
1999,1238
1256,1238
1257,1238
592,1238
2000,1238
1854,1238
1983,1238
1763,1239
1764,1239
1760,1239
1755,1239
1195,1239
2002,1239
1929,1239
2001,1239
1394,1239
593,1239
1297,1239
1282,1239
2001,1240
2002,1240
835,1240
1755,1240
610,1241
611,1241
609,1241
1024,1241
594,1241
612,1241
608,1241
601,1241
607,1241
602,1241
595,1241
1740,1241
603,1241
600,1241
599,1241
844,1241
606,1241
598,1241
604,1241
605,1241
597,1241
596,1241
2003,1241
613,1242
2003,1242
1998,1242
2003,1243
1849,1243
1244,1243
2003,1244
1243,1244
2003,1245
2004,1246
1247,1246
1250,1246
1290,1246
614,1246
1202,1246
1205,1246
1011,1246
1246,1247
1987,1247
1202,1247
2004,1247
615,1247
1988,1247
1645,1248
2004,1248
1825,1248
1001,1248
2004,1249
617,1249
1275,1249
616,1249
1246,1250
2004,1250
1792,1250
1201,1250
1875,1251
1801,1251
2004,1251
1801,1252
1461,1252
2004,1252
911,1253
1290,1253
2004,1253
2005,1254
992,1254
618,1254
1854,1255
1256,1255
1745,1255
1746,1255
2006,1255
1257,1255
1255,1256
1609,1256
1238,1256
1048,1256
1257,1256
2006,1256
1238,1257
1255,1257
1260,1257
1256,1257
2006,1257
2006,1258
1747,1258
1746,1258
1745,1258
2006,1259
1751,1259
1262,1259
1257,1260
2006,1260
1692,1260
1262,1261
2006,1261
1745,1261
2006,1262
1261,1262
1259,1262
2006,1263
2006,1264
2006,1265
619,1266
1918,1266
2008,1266
825,1266
710,1266
1015,1267
1596,1267
2008,1267
1308,1267
620,1267
621,1268
2008,1268
701,1268
1308,1268
1918,1269
2008,1269
1584,1270
920,1270
623,1270
624,1270
627,1270
2009,1270
622,1270
2003,1270
1380,1270
626,1270
625,1270
1308,1271
2009,1271
1977,1272
629,1272
920,1272
2010,1272
628,1272
2010,1273
937,1273
630,1273
2011,1274
1228,1274
1998,1274
1103,1274
921,1274
1897,1274
1027,1275
1249,1275
2011,1275
1776,1276
1277,1276
2011,1276
1276,1277
1776,1277
2011,1277
1822,1278
2013,1278
2013,1279
1280,1279
2013,1280
1329,1280
631,1280
632,1280
1978,1280
1848,1280
633,1280
1976,1280
2014,1280
1279,1280
1598,1280
1645,1280
1484,1280
2014,1281
1297,1282
634,1282
2015,1282
1239,1282
2015,1283
1751,1284
1986,1284
2018,1284
1772,1284
1046,1285
2018,1285
2018,1286
2018,1287
1126,1288
639,1288
638,1288
640,1288
641,1288
2021,1288
1129,1288
635,1288
1930,1288
636,1288
1127,1288
1125,1288
1128,1288
637,1288
1125,1289
1128,1289
642,1289
2021,1289
1127,1289
1126,1289
1778,1290
1777,1290
643,1290
911,1290
1246,1290
1645,1290
2022,1290
1213,1290
995,1290
1011,1290
998,1290
1253,1290
1990,1290
1800,1290
990,1290
2022,1291
2022,1292
2023,1293
2024,1294
1927,1294
644,1294
1115,1294
2024,1295
645,1295
2024,1296
1763,1297
2025,1297
1239,1297
1760,1297
1282,1297
760,1298
1100,1298
697,1298
1170,1298
2026,1298
841,1298
1391,1298
2028,1299
2027,1299
2029,1300
2029,1301
862,1302
1338,1302
1335,1302
2031,1302
1323,1302
1947,1302
1327,1302
2039,1303
1712,1304
2041,1304
1166,1304
2043,1305
1616,1306
646,1306
2044,1306
869,1306
2045,1307
1024,1307
1025,1307
647,1307
648,1307
1026,1307
1268,1308
1271,1308
1309,1308
1267,1308
2051,1308
1350,1308
2008,1308
2009,1308
2008,1309
1802,1309
1308,1309
2051,1309
1045,1310
1758,1310
2052,1310
2052,1311
2018,1311
2057,1312
1679,1313
2058,1313
2059,1314
1833,1314
1830,1314
1829,1314
649,1315
650,1315
2061,1315
1628,1316
947,1316
896,1316
2063,1316
1716,1316
651,1316
2063,1317
1098,1317
2038,1317
1879,1317
2064,1318
1608,1318
2064,1319
1596,1320
1353,1320
1330,1320
1326,1320
1356,1320
874,1320
2066,1320
1333,1320
1345,1320
1397,1320
1335,1320
1350,1320
1944,1320
1342,1320
1595,1321
1325,1321
1326,1321
1095,1321
1322,1321
1337,1321
1950,1321
1940,1321
2066,1321
1820,1321
1344,1321
1836,1321
1321,1322
653,1322
2066,1322
1331,1322
652,1322
1323,1322
1344,1322
1337,1322
1334,1322
1339,1322
1322,1323
1596,1323
1302,1323
2066,1323
1599,1323
1348,1323
1346,1323
1587,1323
1166,1323
867,1323
866,1324
1601,1324
2066,1324
1038,1324
868,1324
1330,1324
655,1324
654,1324
992,1324
1918,1325
1326,1325
1348,1325
1347,1325
1352,1325
2066,1325
1346,1325
1321,1325
1320,1326
2052,1326
2066,1326
1397,1326
1940,1326
1321,1326
1325,1326
1820,1326
1939,1327
1636,1327
1331,1327
2066,1327
1335,1327
1302,1327
1980,1328
1985,1328
1397,1328
2003,1328
1199,1328
2066,1328
1333,1329
1280,1329
2066,1329
1598,1329
1939,1329
1397,1329
1712,1330
1324,1330
1167,1330
1320,1330
2066,1330
1397,1331
2050,1331
1327,1331
1322,1331
2066,1331
2066,1332
1616,1332
656,1332
657,1332
1171,1332
1353,1333
1320,1333
2066,1333
1329,1333
1351,1333
1339,1334
1322,1334
683,1334
1338,1334
2066,1334
1320,1335
1302,1335
1397,1335
2066,1335
1327,1335
1918,1336
825,1336
2066,1336
1452,1336
1409,1336
2066,1337
1397,1337
1321,1337
1322,1337
1302,1338
2066,1338
1397,1338
1334,1338
1397,1339
1334,1339
2066,1339
1322,1339
1015,1340
2066,1340
2008,1340
2009,1340
1397,1341
877,1341
1938,1341
2066,1341
1356,1342
1912,1342
2066,1342
1320,1342
1937,1343
1936,1343
2066,1343
1322,1344
2066,1344
1321,1344
1320,1345
2066,1345
1639,1345
2066,1346
1323,1346
1325,1346
2066,1347
1918,1347
1325,1347
2066,1348
1323,1348
1325,1348
1596,1349
1397,1349
2066,1349
1308,1350
2066,1350
1320,1350
1925,1351
2066,1351
1333,1351
658,1352
1325,1352
2066,1352
1333,1353
2066,1353
1320,1353
1165,1354
2066,1354
1918,1354
2066,1355
659,1355
1985,1355
2066,1356
1320,1356
1342,1356
1954,1357
2066,1357
1941,1358
2066,1358
2066,1359
1911,1359
2066,1360
1595,1360
1912,1361
2066,1361
1638,1362
2066,1362
2067,1363
2068,1364
1450,1365
1366,1365
660,1365
2070,1365
1365,1366
2070,1366
1450,1366
2071,1367
916,1367
687,1368
1499,1368
1469,1368
1467,1368
1476,1368
1369,1368
1441,1368
2072,1368
830,1368
721,1368
1477,1368
1643,1369
2072,1369
830,1369
661,1369
1368,1369
687,1369
1403,1370
2072,1370
2073,1371
812,1371
1523,1371
662,1372
2075,1372
1588,1373
663,1373
664,1373
1583,1373
1584,1373
2076,1373
1107,1373
666,1373
667,1373
1741,1373
668,1373
1673,1373
847,1373
669,1373
665,1373
1231,1373
1380,1374
2076,1374
670,1374
2078,1375
1376,1375
2077,1375
1375,1376
2078,1376
1833,1377
672,1377
1035,1377
671,1377
2079,1377
2081,1378
2032,1378
2008,1378
673,1379
2082,1379
1270,1380
2018,1380
1374,1380
2084,1380
2084,1381
1699,1381
1563,1381
1698,1381
947,1382
2084,1382
894,1382
2057,1382
2084,1383
674,1383
2084,1384
675,1385
1403,1385
1526,1385
676,1385
1425,1385
2085,1385
2086,1386
1547,1387
778,1387
679,1387
2087,1387
678,1387
677,1387
1442,1387
832,1387
697,1387
1406,1387
1445,1387
1901,1388
2087,1388
1899,1388
2087,1389
680,1389
1024,1390
2087,1390
681,1391
2092,1391
762,1391
833,1391
1298,1391
1170,1391
1922,1392
835,1392
2092,1392
1758,1393
1045,1393
2096,1393
1239,1394
1022,1394
2097,1394
2099,1395
682,1395
2099,1396
685,1397
878,1397
1591,1397
1941,1397
1560,1397
2100,1397
1942,1397
1939,1397
686,1397
1320,1397
2051,1397
1602,1397
1163,1397
1921,1397
1617,1397
1940,1397
1946,1397
1836,1397
684,1397
857,1397
1936,1397
1338,1397
1339,1397
1328,1397
1109,1397
1329,1397
1341,1397
1938,1397
1598,1397
1326,1397
1337,1397
1803,1397
1596,1397
1712,1397
1600,1397
1349,1397
867,1397
1597,1397
1604,1397
1331,1397
683,1397
1335,1397
1648,1398
2101,1398
945,1398
1629,1399
2101,1399
1633,1400
2092,1400
2102,1400
1461,1401
1433,1401
796,1401
1441,1401
824,1401
1469,1401
772,1401
1440,1401
1428,1401
1451,1401
831,1401
1643,1401
1749,1401
1479,1401
1495,1401
1477,1401
689,1401
1493,1401
688,1401
2103,1401
687,1401
1472,1401
1476,1401
1505,1402
1416,1402
873,1402
755,1402
754,1402
753,1402
1918,1402
739,1402
737,1402
2066,1402
1158,1402
1421,1402
2103,1402
1432,1402
848,1402
692,1402
691,1402
690,1402
738,1402
980,1402
727,1402
1491,1402
2103,1403
1475,1403
1467,1403
693,1403
1425,1403
1749,1403
1385,1403
1542,1403
1534,1403
1528,1403
1516,1403
1487,1403
720,1403
1509,1403
1370,1403
756,1403
758,1403
2103,1404
1643,1404
697,1404
1538,1404
1537,1404
1531,1404
694,1404
1434,1404
1520,1404
1476,1404
1417,1404
758,1404
1477,1404
1513,1404
1447,1404
1469,1404
796,1404
810,1405
2103,1405
1438,1405
1479,1405
1415,1405
1409,1405
704,1405
831,1405
1406,1405
696,1405
787,1405
1426,1405
695,1405
1501,1405
1424,1405
1918,1405
832,1406
697,1406
799,1406
1387,1406
2103,1406
1420,1406
1455,1406
2087,1406
1446,1406
1547,1406
784,1406
1405,1406
1452,1406
785,1406
788,1406
763,1407
1214,1407
701,1407
700,1407
699,1407
698,1407
1219,1407
1217,1407
1991,1407
1215,1407
724,1407
1481,1407
1541,1407
1216,1407
2103,1407
2103,1408
706,1408
1456,1408
705,1408
1437,1408
728,1408
704,1408
702,1408
722,1408
779,1408
1414,1408
1481,1408
1630,1408
1417,1408
703,1408
708,1409
814,1409
707,1409
1918,1409
815,1409
769,1409
710,1409
1336,1409
1405,1409
2103,1409
724,1409
1991,1409
822,1409
709,1409
1426,1410
1442,1410
1448,1410
778,1410
1430,1410
710,1410
1445,1410
777,1410
711,1410
1482,1410
2103,1410
808,1410
1413,1411
1512,1411
1529,1411
1992,1411
2103,1411
712,1411
1443,1411
1489,1411
1471,1411
1511,1411
1500,1411
1483,1411
2103,1412
963,1412
1052,1412
719,1412
718,1412
717,1412
1051,1412
714,1412
716,1412
937,1412
713,1412
715,1412
797,1413
766,1413
1436,1413
1411,1413
764,1413
2103,1413
720,1413
721,1413
765,1413
1443,1413
1444,1413
1419,1414
1472,1414
1408,1414
1464,1414
795,1414
1460,1414
1502,1414
722,1414
723,1414
790,1414
2103,1414
1405,1415
1417,1415
736,1415
725,1415
724,1415
1418,1415
2103,1415
1168,1415
1644,1415
726,1415
737,1416
738,1416
755,1416
727,1416
1402,1416
928,1416
848,1416
980,1416
2103,1416
728,1417
1464,1417
1404,1417
2103,1417
779,1417
1408,1417
1437,1417
1415,1417
2103,1418
1415,1418
751,1418
729,1418
730,1418
731,1418
820,1418
1431,1418
873,1419
733,1419
734,1419
735,1419
732,1419
2103,1419
1514,1419
1414,1419
1406,1420
834,1420
1441,1420
2103,1420
736,1420
772,1420
1922,1420
1427,1420
738,1421
1159,1421
1402,1421
1936,1421
2103,1421
737,1421
739,1421
1158,1421
2103,1422
1480,1422
1454,1422
748,1422
809,1422
1429,1422
1453,1422
742,1423
861,1423
741,1423
740,1423
2103,1423
1593,1423
1507,1423
1405,1424
743,1424
1918,1424
2103,1424
744,1424
921,1424
745,1424
1492,1425
1494,1425
1403,1425
1485,1425
2103,1425
928,1425
1385,1425
1405,1426
1410,1426
813,1426
2103,1426
746,1426
808,1426
810,1426
795,1427
1420,1427
899,1427
902,1427
2103,1427
898,1427
1496,1427
1401,1428
747,1428
2103,1428
796,1428
1486,1428
1465,1428
1454,1429
1453,1429
748,1429
2103,1429
809,1429
1422,1429
1410,1430
777,1430
823,1430
2103,1430
749,1430
750,1430
2103,1431
752,1431
751,1431
814,1431
1418,1431
1498,1431
754,1432
928,1432
2103,1432
1402,1432
753,1432
755,1432
1497,1433
1401,1433
757,1433
2103,1433
756,1433
818,1433
1404,1434
2072,1434
758,1434
759,1434
2103,1434
1515,1434
2103,1435
760,1435
961,1435
763,1435
762,1435
761,1435
775,1436
765,1436
764,1436
1413,1436
766,1436
2103,1436
2103,1437
1408,1437
1417,1437
767,1437
929,1437
768,1437
770,1438
2103,1438
769,1438
1510,1438
1405,1438
1479,1438
771,1439
1530,1439
2103,1439
1444,1439
2073,1439
2103,1440
1461,1440
1401,1440
772,1440
1824,1440
1499,1441
1401,1441
1368,1441
1420,1441
2103,1441
2103,1442
773,1442
1387,1442
1410,1442
774,1442
1411,1443
775,1443
797,1443
1413,1443
2103,1443
776,1444
2103,1444
1439,1444
2085,1444
1413,1444
778,1445
1387,1445
1410,1445
2103,1445
777,1445
1406,1446
779,1446
1547,1446
792,1446
2103,1446
2103,1447
780,1447
1451,1447
1536,1447
1404,1447
962,1448
2103,1448
1449,1448
1410,1448
799,1448
781,1449
1448,1449
1179,1449
2103,1449
962,1449
782,1450
1366,1450
1365,1450
2070,1450
2103,1450
1447,1451
2103,1451
1513,1451
1474,1451
1401,1451
1406,1452
783,1452
1336,1452
2103,1452
1945,1452
1480,1453
1429,1453
2103,1453
809,1453
1422,1453
2103,1454
1422,1454
809,1454
1429,1454
785,1455
1406,1455
784,1455
2103,1455
786,1456
1408,1456
787,1456
2103,1456
1918,1457
2103,1457
788,1457
799,1457
834,1458
2103,1458
789,1458
790,1458
2103,1459
808,1459
1936,1459
1478,1459
1991,1460
1414,1460
791,1460
2103,1460
2103,1461
1401,1461
1252,1461
1440,1461
2072,1462
2085,1462
800,1462
2103,1462
793,1463
794,1463
792,1463
2103,1463
1417,1464
2103,1464
795,1464
1414,1464
796,1465
1486,1465
1428,1465
2103,1465
2103,1466
798,1466
1467,1466
797,1466
1403,1467
1466,1467
1368,1467
2103,1467
2103,1468
801,1468
799,1468
800,1468
2103,1469
1368,1469
1401,1469
1404,1469
802,1470
2103,1470
1508,1470
1509,1470
1411,1471
849,1471
803,1471
2103,1471
2103,1472
1401,1472
1414,1472
1506,1472
820,1473
808,1473
2103,1473
961,1473
805,1474
2103,1474
804,1474
1451,1474
807,1475
1403,1475
2103,1475
806,1475
1368,1476
1401,1476
2103,1476
1404,1476
2103,1477
1368,1477
1404,1477
1401,1477
1936,1478
1459,1478
2103,1478
808,1478
1401,1479
2103,1479
1405,1479
1438,1479
2103,1480
1422,1480
1453,1480
809,1480
1407,1481
820,1481
1408,1481
2103,1481
1410,1482
810,1482
833,1482
2103,1482
2103,1483
1511,1483
1411,1483
1489,1483
811,1484
2086,1484
2103,1484
1280,1484
812,1485
1494,1485
2103,1485
1425,1485
2103,1486
1493,1486
1465,1486
1428,1486
1403,1487
2103,1487
2072,1487
813,1488
2103,1488
1829,1488
2103,1489
1411,1489
1483,1489
815,1490
814,1490
2103,1490
928,1491
2103,1491
1402,1491
816,1492
1425,1492
2103,1492
1401,1493
2103,1493
1486,1493
2103,1494
1425,1494
1485,1494
1749,1495
2103,1495
1401,1495
1427,1496
2103,1496
817,1496
818,1497
1433,1497
2103,1497
2103,1498
819,1498
1431,1498
2103,1499
1368,1499
1441,1499
2103,1500
1512,1500
1411,1500
1405,1501
2103,1501
820,1501
1414,1502
2103,1502
821,1502
1592,1503
2103,1503
822,1503
2103,1504
1749,1504
873,1504
823,1505
2103,1505
1402,1505
824,1506
1472,1506
2103,1506
1423,1507
1918,1507
2103,1507
2103,1508
888,1508
1470,1508
2103,1509
1403,1509
1470,1509
1945,1510
2103,1510
1438,1510
2103,1511
1411,1511
1483,1511
2103,1512
1500,1512
1411,1512
2103,1513
1451,1513
1404,1513
1419,1514
825,1514
2103,1514
1434,1515
2103,1515
2072,1515
2103,1516
1403,1516
1168,1517
2103,1517
2103,1518
826,1518
1527,1519
2103,1519
1404,1520
2103,1520
1945,1521
2103,1521
2103,1522
1158,1522
2103,1523
1371,1523
2103,1524
827,1524
828,1525
2103,1525
2103,1526
1385,1526
2103,1527
1519,1527
1403,1528
2103,1528
2103,1529
1411,1529
2103,1530
1439,1530
1404,1531
2103,1531
829,1532
2103,1532
1540,1533
2103,1533
1403,1534
2103,1534
2103,1535
2085,1535
2103,1536
1447,1536
2103,1537
1404,1537
1404,1538
2103,1538
830,1539
2103,1539
2103,1540
1533,1540
2103,1541
1407,1541
1403,1542
2103,1542
2103,1543
831,1543
2103,1544
2103,1545
2103,1546
1387,1547
1446,1547
1406,1547
832,1547
2111,1547
833,1547
835,1548
834,1548
837,1548
2111,1548
836,1548
2111,1549
1567,1549
1550,1549
1551,1549
1567,1550
1549,1550
2111,1550
1551,1550
1549,1551
1550,1551
2111,1551
1567,1551
869,1552
2111,1552
838,1552
2111,1553
1920,1553
2102,1553
2111,1554
1920,1554
2102,1554
887,1555
2111,1555
839,1556
2111,1556
2111,1557
2118,1558
2119,1559
2060,1559
2120,1560
840,1560
1397,1560
2120,1561
1698,1562
841,1562
2121,1562
1699,1562
1564,1562
2121,1563
1698,1563
1381,1563
1699,1564
2121,1564
1562,1564
2121,1565
2121,1566
1549,1567
1551,1567
1550,1567
2123,1567
2125,1568
1570,1569
1573,1569
1571,1569
2122,1569
842,1569
2128,1569
1569,1570
2128,1570
842,1570
2122,1570
1576,1570
1575,1571
1572,1571
1574,1571
1569,1571
2128,1571
2128,1572
1571,1572
1576,1572
1575,1573
2128,1573
1569,1573
2128,1574
1571,1574
842,1574
1573,1575
2128,1575
1571,1575
1570,1576
1572,1576
2128,1576
2128,1577
2131,1578
843,1578
2132,1579
2132,1580
2132,1581
2132,1582
1373,1583
846,1583
2139,1583
845,1583
844,1583
847,1583
1270,1584
848,1584
849,1584
1373,1584
2139,1584
2140,1585
974,1586
2141,1586
851,1586
853,1586
852,1586
854,1586
850,1586
2141,1587
1323,1587
2066,1587
855,1587
1624,1587
856,1588
2066,1588
1373,1588
2141,1588
1836,1588
1820,1589
2141,1589
1918,1589
857,1589
2066,1589
860,1590
859,1590
2141,1590
915,1590
858,1590
2141,1591
1642,1591
1942,1591
1397,1591
1503,1592
2141,1592
2103,1592
2141,1593
1423,1593
861,1593
2141,1594
863,1595
2142,1595
2066,1595
881,1595
1321,1595
1360,1595
862,1595
1925,1596
1349,1596
1397,1596
1323,1596
1267,1596
2142,1596
1320,1596
2141,1597
2066,1597
2142,1597
1397,1597
908,1597
1616,1597
1397,1598
1280,1598
2142,1598
2066,1598
1329,1598
1323,1599
1039,1599
864,1599
2142,1599
865,1599
1938,1600
1166,1600
2142,1600
1820,1600
1397,1600
866,1601
2142,1601
1324,1601
867,1601
2142,1602
1836,1602
1939,1602
1397,1602
1164,1603
1162,1603
2142,1603
2142,1604
1397,1604
992,1605
1843,1605
1844,1605
1886,1605
1839,1605
868,1605
2143,1605
1837,1605
1038,1605
1888,1605
2147,1606
1880,1606
1607,1606
1063,1606
1067,1606
1606,1607
2147,1607
1892,1608
2140,1608
1318,1608
2139,1608
2148,1608
871,1609
869,1609
870,1609
1256,1609
2148,1609
1884,1610
2148,1610
2022,1610
1967,1611
1985,1611
2151,1611
1190,1611
2154,1612
1621,1613
872,1613
879,1613
2155,1613
1623,1614
1622,1614
2154,1614
2155,1614
2157,1615
886,1615
1306,1616
2158,1616
1617,1616
876,1616
1332,1616
875,1616
874,1616
878,1616
877,1616
873,1616
1597,1616
1397,1617
1616,1617
2066,1617
1921,1617
2158,1617
2115,1618
1824,1618
2004,1618
1633,1618
2161,1618
2161,1619
2161,1620
1018,1621
2155,1621
1060,1621
1622,1621
2162,1621
1059,1621
1613,1621
879,1621
1058,1621
880,1621
1058,1622
1614,1622
1621,1622
1059,1622
2165,1622
1614,1623
2155,1623
2166,1623
881,1624
2174,1624
1756,1624
1587,1624
884,1625
885,1625
1030,1625
882,1625
2175,1625
883,1625
893,1626
890,1626
888,1626
886,1626
889,1626
2177,1626
892,1626
891,1626
887,1626
2179,1627
1316,1628
895,1628
894,1628
2184,1628
896,1629
897,1629
1399,1629
2184,1629
1408,1630
1168,1630
2184,1630
904,1631
902,1631
899,1631
900,1631
901,1631
2185,1631
903,1631
898,1631
1633,1632
2185,1632
905,1632
1025,1632
1632,1633
1055,1633
1400,1633
1618,1633
2188,1633
2188,1634
2191,1635
1971,1635
1662,1636
2192,1636
1327,1636
1184,1637
2193,1637
2154,1638
1918,1638
2194,1638
1362,1638
2066,1638
1642,1639
2195,1639
1345,1639
2142,1639
906,1640
1005,1640
2193,1640
2196,1640
1641,1640
907,1640
2198,1641
1640,1641
1003,1641
907,1641
908,1642
1591,1642
2195,1642
2194,1642
2196,1642
2197,1642
1639,1642
2199,1642
2192,1642
2200,1643
1401,1643
1369,1643
2103,1643
1404,1643
2103,1644
1415,1644
2200,1644
909,1644
914,1645
1005,1645
1187,1645
996,1645
997,1645
913,1645
1290,1645
2004,1645
1647,1645
912,1645
2022,1645
2201,1645
911,1645
1248,1645
982,1645
990,1645
910,1645
1780,1645
1280,1645
2201,1646
1645,1647
2202,1647
2204,1648
2189,1648
2205,1648
2187,1648
1398,1648
2093,1648
2156,1648
2186,1648
2207,1649
915,1649
1881,1649
2046,1649
2071,1650
1907,1650
916,1650
2207,1650
2207,1651
2208,1652
2030,1652
1654,1653
1725,1653
2214,1653
1653,1654
2215,1654
2216,1654
2216,1655
917,1656
918,1656
2218,1656
2218,1657
1903,1658
919,1658
2219,1658
923,1659
920,1659
921,1659
2220,1659
925,1659
926,1659
922,1659
924,1659
2017,1660
2220,1660
2217,1660
2220,1661
2017,1661
2217,1661
1636,1662
2220,1662
1948,1662
2220,1663
2217,1663
2017,1663
2017,1664
2217,1664
2220,1664
2220,1665
927,1666
1822,1666
2222,1666
2022,1667
928,1667
929,1667
1852,1667
930,1667
1740,1667
2223,1667
931,1667
2022,1668
2223,1668
1669,1668
964,1668
933,1668
2182,1668
932,1668
1668,1669
2022,1669
1752,1669
2017,1669
1959,1669
2223,1669
1682,1669
1849,1670
2223,1670
1812,1670
1865,1670
1977,1670
1758,1670
1674,1671
2220,1671
2223,1671
2006,1671
2022,1671
1847,1671
2022,1672
2017,1672
2149,1672
2050,1672
2223,1672
1373,1673
2017,1673
2223,1673
934,1673
1173,1673
1050,1674
1849,1674
1855,1674
1671,1674
2223,1674
2010,1675
1677,1675
2018,1675
2223,1675
1191,1675
1983,1676
2223,1676
1683,1676
935,1676
1847,1676
2223,1677
1675,1677
936,1677
1985,1677
938,1678
2223,1678
937,1678
2103,1678
1313,1679
2223,1679
2054,1679
2058,1679
2022,1680
2223,1680
2017,1680
1046,1680
2223,1681
2103,1681
939,1681
2017,1681
2223,1682
1046,1682
1669,1682
2223,1683
971,1683
1676,1683
2223,1684
1859,1684
2183,1684
2223,1685
2022,1685
940,1685
2017,1686
2010,1686
2223,1686
2223,1687
941,1687
2223,1688
1046,1688
2223,1689
2017,1689
2022,1690
2223,1690
1093,1691
1083,1691
1931,1691
2111,1691
2224,1691
1085,1691
2224,1692
1260,1692
1806,1692
1847,1692
942,1692
1724,1693
950,1693
2225,1693
2226,1694
2227,1695
1733,1696
2228,1696
1700,1697
970,1697
1702,1697
1045,1697
2229,1697
1698,1697
1701,1697
1704,1697
1705,1697
943,1697
1703,1697
1699,1698
1562,1698
1563,1698
1697,1698
1706,1698
1381,1698
2229,1698
1562,1699
1706,1699
2229,1699
1564,1699
1381,1699
1698,1699
2121,1699
1702,1700
1701,1700
1705,1700
2229,1700
1697,1700
1700,1701
1703,1701
2229,1701
1702,1701
1697,1701
2229,1702
1700,1702
1703,1702
1697,1702
1701,1702
1705,1703
1701,1703
1697,1703
1702,1703
2229,1703
1697,1704
2229,1704
1801,1704
1779,1704
999,1704
2229,1705
1703,1705
1700,1705
1697,1705
2229,1706
1698,1706
1699,1706
944,1707
2229,1707
2229,1708
2229,1709
2229,1710
2035,1711
2033,1711
2034,1711
1881,1711
2230,1711
1330,1712
2066,1712
2230,1712
1397,1712
1304,1712
2230,1713
2184,1713
2101,1713
945,1713
946,1713
2111,1714
1032,1714
2114,1714
2230,1714
1087,1714
2111,1715
2102,1715
1718,1715
2075,1715
2230,1715
948,1716
2230,1716
1316,1716
947,1716
1729,1717
2176,1717
2230,1717
2060,1717
1715,1718
2075,1718
2230,1718
949,1718
1761,1719
950,1719
2230,1719
2162,1719
951,1720
952,1720
2230,1720
2075,1721
2230,1721
1177,1721
1731,1722
1926,1722
2230,1722
2230,1723
1926,1723
1727,1723
1693,1724
2214,1724
2230,1724
2230,1725
2214,1725
1653,1725
1927,1726
1926,1726
2230,1726
1121,1727
2230,1727
1723,1727
2111,1728
2230,1728
953,1728
1717,1729
2230,1729
954,1730
2230,1730
1722,1731
2230,1731
2230,1732
1736,1732
2230,1733
1696,1733
2230,1734
2184,1734
955,1735
2230,1735
1732,1736
2230,1736
2230,1737
1118,1738
1926,1738
2231,1738
1927,1738
1112,1738
1122,1738
2233,1739
1972,1739
1986,1739
2010,1739
1998,1739
1241,1740
2234,1740
1667,1740
1759,1741
2235,1741
1373,1741
956,1741
2235,1742
1759,1742
1756,1742
2015,1742
1758,1743
2235,1743
1759,1743
1758,1744
2235,1744
1746,1745
1747,1745
1261,1745
2006,1745
1255,1745
2236,1745
1258,1745
1258,1746
1745,1746
1255,1746
2236,1746
1975,1746
1747,1746
1745,1747
1258,1747
2236,1747
1746,1747
1963,1748
1980,1748
1186,1748
2237,1748
957,1748
2239,1749
959,1749
958,1749
960,1749
1774,1749
1992,1749
2103,1749
1401,1749
1403,1749
1504,1749
1495,1749
961,1750
962,1750
963,1750
2239,1750
2010,1750
2241,1751
1284,1751
988,1751
2002,1751
1773,1751
1963,1751
1759,1751
986,1751
2001,1751
2233,1751
964,1751
1259,1751
1022,1751
1995,1751
2236,1751
965,1752
2243,1752
969,1752
1045,1752
1846,1752
1669,1752
1993,1753
2243,1753
2096,1753
1052,1754
2244,1754
966,1754
1051,1754
1929,1755
1239,1755
1240,1755
2244,1755
2235,1756
1624,1756
967,1756
2245,1756
1742,1756
2249,1757
971,1758
1670,1758
972,1758
969,1758
968,1758
1744,1758
970,1758
1743,1758
1174,1758
1045,1758
1769,1758
1393,1758
1956,1758
1959,1758
2252,1758
1960,1758
1862,1758
1310,1758
2017,1759
1742,1759
1741,1759
973,1759
975,1759
974,1759
1743,1759
2252,1759
1751,1759
1764,1760
1297,1760
1763,1760
2015,1760
1239,1760
2252,1760
2230,1761
1860,1761
2182,1761
2252,1761
2023,1761
1719,1761
1972,1762
2252,1762
1081,1762
1956,1762
2023,1762
976,1762
2252,1763
1760,1763
1297,1763
1239,1763
1764,1763
1760,1764
2252,1764
1763,1764
1239,1764
1766,1765
1955,1765
1767,1765
2252,1765
2252,1766
1765,1766
1955,1766
1767,1766
1766,1767
1765,1767
1955,1767
2252,1767
2252,1768
2185,1768
977,1768
1758,1769
2253,1769
2254,1770
1998,1770
1181,1770
2256,1771
978,1771
2257,1772
1190,1772
984,1772
983,1772
982,1772
981,1772
980,1772
979,1772
1284,1772
1751,1773
1222,1773
2258,1773
1008,1773
1749,1774
2258,1774
1998,1775
2260,1775
1182,1775
1277,1776
987,1776
986,1776
985,1776
2233,1776
989,1776
2262,1776
988,1776
1276,1776
991,1777
1848,1777
1011,1777
1778,1777
1989,1777
990,1777
993,1777
992,1777
1290,1777
994,1777
997,1777
995,1777
2013,1777
2004,1777
1782,1777
998,1777
2264,1777
998,1778
1792,1778
1777,1778
1290,1778
1800,1778
996,1778
2004,1778
997,1778
2264,1778
1704,1779
999,1779
1784,1779
1801,1779
1013,1779
2264,1779
1782,1780
1645,1780
1204,1780
2264,1780
1203,1780
1002,1781
1000,1781
2264,1781
1001,1781
1004,1782
1777,1782
2264,1782
1780,1782
1795,1783
1789,1783
2264,1783
1792,1784
2264,1784
1779,1784
1787,1785
1004,1785
2264,1785
1973,1786
1003,1786
2264,1786
1004,1787
1785,1787
2264,1787
1037,1788
2264,1788
1783,1789
2264,1789
1821,1790
2264,1790
2264,1791
1795,1792
1005,1792
1825,1792
1778,1792
2265,1792
1209,1792
1784,1792
2004,1792
1250,1792
1212,1792
1007,1793
1055,1793
2103,1793
2265,1793
1006,1793
1867,1793
2017,1794
1054,1794
1008,1794
1055,1794
2265,1794
1783,1795
1792,1795
2264,1795
2265,1795
2084,1796
1054,1796
2265,1796
2023,1796
2014,1797
2084,1797
2265,1797
1212,1798
2096,1798
2265,1798
1009,1799
2265,1799
2264,1799
1875,1800
2004,1800
1778,1800
2266,1800
1012,1800
1290,1800
1801,1800
1010,1800
1804,1800
1011,1800
1013,1801
2004,1801
1251,1801
1014,1801
1704,1801
1875,1801
1252,1801
1779,1801
2266,1801
1800,1801
1803,1802
1938,1802
1015,1802
1309,1802
2266,1802
1397,1803
2141,1803
1802,1803
2266,1803
1800,1804
2229,1804
2266,1804
2267,1805
1016,1806
1017,1806
2271,1806
1692,1806
2012,1806
2271,1807
1018,1807
2265,1807
2265,1808
2271,1808
2265,1809
2271,1809
2271,1810
2252,1810
2271,1811
2272,1812
1859,1812
1019,1812
1670,1812
1046,1812
1078,1813
1020,1813
1021,1813
2273,1813
1073,1813
1022,1814
2273,1814
2273,1815
2005,1815
2273,1816
2273,1817
1078,1818
1023,1818
1074,1818
1039,1818
2274,1818
1073,1818
1838,1818
1888,1819
2164,1819
2037,1819
1886,1819
2275,1819
2190,1819
1078,1819
1890,1819
1887,1819
2277,1820
2066,1820
1326,1820
1321,1820
1940,1820
1600,1820
1589,1820
2141,1820
2278,1821
1790,1821
1876,1821
1666,1822
2280,1822
1278,1822
2280,1823
1025,1824
1024,1824
1026,1824
1618,1824
2284,1824
1440,1824
1248,1825
1204,1825
1027,1825
2284,1825
1792,1825
2023,1826
2284,1826
1028,1827
2284,1827
2288,1828
2137,1828
2287,1828
1029,1829
1314,1829
2079,1829
2115,1829
2113,1829
1488,1829
2290,1829
2185,1829
2290,1830
1314,1830
1030,1830
1031,1830
1905,1831
1934,1831
2290,1831
1031,1831
2290,1832
1032,1832
1033,1832
1034,1832
2290,1833
1314,1833
1377,1833
1037,1834
1035,1834
2291,1834
1036,1834
2291,1835
1588,1836
2292,1836
1397,1836
1321,1836
1602,1836
2277,1836
1886,1837
1078,1837
1038,1837
2292,1837
1838,1837
1605,1837
1039,1838
2274,1838
1818,1838
2292,1838
1837,1838
2292,1839
1605,1839
2143,1839
2032,1840
2293,1840
1883,1840
1040,1840
1841,1840
1041,1841
1840,1841
2293,1841
1074,1841
2293,1842
1042,1842
2294,1843
2293,1843
1844,1843
1605,1843
1043,1843
1843,1844
2294,1844
1044,1844
1605,1844
2295,1845
2243,1846
1045,1846
1050,1846
1752,1846
2296,1846
2150,1846
1080,1846
1692,1847
1676,1847
2223,1847
1671,1847
1046,1847
2296,1847
1280,1848
1777,1848
2014,1848
2013,1848
2296,1848
1670,1849
1243,1849
1853,1849
1674,1849
2296,1849
2296,1850
1054,1850
2013,1850
1861,1850
2296,1851
1979,1851
1864,1851
2296,1852
1047,1852
1667,1852
1849,1853
2296,1853
1255,1854
2297,1854
2006,1854
1238,1854
1048,1854
2297,1855
2181,1855
1674,1855
2297,1856
2253,1856
1049,1857
2297,1857
2297,1858
1812,1859
2149,1859
1976,1859
2300,1859
1684,1859
2253,1860
2303,1860
2023,1860
1761,1860
2013,1861
2303,1861
1850,1861
2296,1861
2303,1862
1758,1862
2223,1862
2306,1863
1868,1863
2265,1863
2307,1864
2163,1864
1851,1864
1050,1864
2150,1864
1053,1864
2307,1865
1670,1865
1053,1865
1052,1865
1051,1865
2307,1866
1884,1866
1055,1867
1054,1867
2271,1867
2308,1867
1793,1867
2308,1868
1863,1868
2265,1869
2309,1869
2309,1870
1057,1871
1056,1871
2311,1871
1057,1872
2311,1872
2311,1873
2171,1873
2311,1874
2313,1875
2004,1875
1801,1875
1251,1875
2266,1875
1800,1875
1821,1876
2311,1876
2313,1876
2278,1876
2102,1877
2316,1877
2317,1878
2326,1879
2111,1879
1060,1879
1059,1879
1317,1879
1058,1879
2063,1879
1099,1879
2165,1879
2329,1880
1070,1880
1069,1880
1068,1880
1606,1880
1067,1880
1066,1880
1065,1880
1064,1880
1063,1880
1062,1880
1061,1880
1887,1881
2082,1881
1649,1881
2332,1881
1711,1881
1072,1882
1141,1882
1071,1882
2332,1882
1074,1883
1073,1883
2333,1883
1075,1883
1840,1883
1866,1884
2333,1884
2149,1884
1610,1884
2153,1885
1076,1885
1077,1885
2333,1885
2332,1886
2334,1886
1078,1886
1605,1886
1837,1886
1819,1886
1881,1887
2334,1887
1079,1887
1819,1887
2164,1887
1819,1888
1605,1888
2275,1888
2334,1888
2332,1889
2334,1889
2311,1889
1819,1890
2275,1890
2334,1890
2334,1891
2335,1892
2140,1892
1608,1892
2139,1892
2148,1892
2335,1893
1894,1893
1893,1894
2335,1894
1081,1895
1228,1895
1080,1895
1082,1895
2336,1895
2141,1896
2018,1896
2336,1896
2336,1897
1274,1897
1093,1898
2337,1898
1083,1898
1084,1898
1085,1898
1388,1899
2124,1899
1901,1899
2338,1899
1086,1899
2338,1900
1902,1900
2162,1900
2124,1900
1899,1901
2338,1901
1388,1901
2124,1902
1900,1902
2338,1902
1087,1903
1088,1903
1658,1903
2340,1903
1906,1903
2340,1904
1114,1904
1907,1904
1089,1904
1150,1904
1934,1905
1831,1905
2340,1905
1089,1906
1903,1906
2340,1906
1904,1907
1650,1907
1090,1907
1115,1907
2342,1907
2091,1907
1931,1907
1131,1908
2342,1908
1931,1908
1091,1908
1092,1908
1093,1909
2337,1909
1910,1909
2343,1909
1909,1910
2343,1910
1094,1910
2337,1910
2344,1911
1359,1911
1095,1911
1096,1911
1946,1911
1950,1911
1361,1912
2344,1912
1342,1912
1098,1913
1097,1913
2345,1913
1099,1913
1928,1914
2349,1914
2349,1915
1928,1915
2351,1915
2347,1915
1124,1915
2103,1915
2352,1916
2353,1917
1269,1918
1104,1918
1105,1918
2066,1918
1409,1918
2067,1918
1266,1918
1106,1918
1424,1918
1405,1918
1589,1918
1402,1918
1325,1918
1354,1918
2157,1918
1347,1918
1937,1918
2008,1918
1336,1918
1507,1918
1946,1918
2103,1918
1100,1918
1101,1918
2354,1918
1102,1918
1103,1918
1638,1918
2018,1918
1457,1918
2354,1919
2071,1919
2111,1920
1554,1920
2102,1920
2356,1920
1553,1920
2357,1921
1108,1921
1397,1921
1617,1921
2158,1921
1109,1921
1107,1921
2141,1921
1110,1922
1392,1922
2103,1922
1420,1922
2357,1922
2359,1923
1929,1923
2353,1924
2360,1924
2117,1924
2361,1925
1111,1925
1596,1925
1351,1925
2362,1926
1114,1926
1113,1926
1116,1926
1117,1926
1118,1926
1119,1926
2231,1926
1121,1926
1123,1926
1148,1926
1112,1926
1927,1926
1726,1926
1722,1926
1738,1926
1723,1926
1926,1927
1116,1927
1726,1927
2362,1927
1738,1927
1123,1927
1121,1927
1120,1927
1115,1927
1119,1927
1118,1927
1117,1927
1122,1927
1294,1927
2342,1927
2103,1928
1914,1928
1915,1928
2364,1928
1124,1928
2359,1928
2364,1929
1923,1929
1755,1929
1239,1929
2366,1930
1129,1930
1126,1930
1125,1930
1288,1930
1128,1930
1127,1930
1145,1931
1148,1931
2090,1931
1149,1931
1137,1931
1146,1931
1147,1931
1150,1931
1151,1931
1143,1931
1130,1931
1131,1931
1142,1931
1132,1931
1133,1931
1141,1931
1134,1931
1135,1931
1140,1931
1136,1931
1139,1931
1144,1931
2342,1931
1138,1931
2369,1931
1152,1931
1153,1931
1908,1931
1691,1931
1907,1931
1154,1932
2366,1932
2370,1932
1155,1932
1936,1933
1156,1933
2374,1933
1831,1934
2375,1934
1905,1934
2383,1935
1157,1935
1158,1936
1160,1936
1421,1936
2396,1936
1397,1936
1159,1936
1478,1936
1459,1936
1343,1936
1969,1936
1970,1936
1933,1936
2141,1937
1969,1937
1947,1937
1918,1937
1942,1937
2396,1937
1343,1937
1941,1937
1165,1937
2066,1937
1970,1937
1946,1938
2396,1938
1161,1938
2141,1938
1397,1938
1600,1938
1802,1938
2041,1938
1341,1938
1163,1939
1397,1939
2396,1939
1162,1939
1602,1939
1327,1939
2066,1939
1329,1939
1820,1940
2396,1940
2066,1940
1326,1940
1321,1940
2141,1940
1397,1940
1164,1940
2066,1941
1165,1941
1397,1941
1358,1941
1937,1941
2396,1941
1397,1942
2141,1942
1937,1942
2066,1942
2396,1942
1591,1942
2141,1943
2396,1943
2066,1943
2230,1943
2142,1943
1166,1943
1167,1944
2041,1944
2066,1944
1320,1944
2396,1944
2103,1945
1510,1945
1521,1945
1452,1945
2396,1945
1911,1946
1397,1946
1918,1946
2396,1946
1938,1946
1937,1947
1953,1947
1302,1947
2396,1947
2066,1947
2050,1948
2396,1948
1662,1948
2053,1948
1169,1949
1170,1949
1168,1949
2396,1949
2084,1950
1321,1950
2396,1950
1911,1950
2075,1951
2396,1951
1952,1951
2396,1952
1951,1952
2066,1952
1947,1953
2396,1953
2066,1953
1357,1954
2396,1954
2397,1955
1171,1955
1765,1955
1172,1955
1766,1955
1985,1955
2252,1955
1767,1955
1958,1956
1960,1956
1762,1956
1174,1956
1758,1956
2397,1956
1957,1956
1959,1957
1958,1957
1961,1957
1960,1957
1174,1957
2397,1957
1956,1957
1173,1958
2397,1958
1957,1958
1174,1958
1956,1958
1960,1959
1758,1959
1957,1959
1669,1959
2397,1959
1758,1960
1959,1960
2397,1960
1956,1960
1957,1960
2397,1961
1957,1961
2252,1961
1175,1962
2398,1962
1176,1962
2399,1963
1748,1963
1232,1963
1227,1963
1751,1963
2399,1964
1225,1964
1965,1964
1964,1965
1226,1965
2399,1965
2399,1966
1972,1966
1178,1967
2400,1967
1177,1967
1985,1967
1195,1967
1611,1967
1189,1967
2400,1968
2103,1968
1180,1968
1179,1968
2066,1969
1937,1969
2400,1969
1936,1969
1937,1970
2066,1970
1936,1970
2400,1970
1635,1971
2400,1971
1181,1972
2401,1972
1182,1972
1233,1972
1975,1972
1966,1972
2254,1972
1739,1972
1186,1972
1762,1972
2264,1973
2265,1973
1786,1973
2193,1973
2401,1973
1974,1973
2269,1973
1998,1974
1183,1974
2401,1974
1185,1974
1184,1974
1973,1974
1972,1975
2401,1975
1746,1975
1998,1975
1977,1975
2215,1976
1859,1976
1280,1976
2402,1976
2087,1976
2252,1976
1670,1977
2402,1977
1186,1977
1272,1977
1975,1977
1280,1978
2402,1978
1187,1978
2402,1979
1851,1979
2403,1980
1748,1980
2257,1980
1200,1980
1985,1980
1984,1980
1982,1980
1981,1980
1328,1980
2403,1981
1980,1981
1984,1981
1982,1981
1980,1982
1188,1982
2403,1982
1981,1982
2403,1983
1676,1983
2183,1983
1238,1983
1980,1984
1981,1984
2403,1984
1611,1985
1955,1985
1967,1985
1677,1985
1198,1985
1197,1985
1196,1985
2404,1985
1194,1985
2003,1985
1189,1985
1195,1985
1190,1985
1191,1985
1192,1985
1328,1985
1193,1985
1355,1985
1980,1985
2234,1986
1200,1986
1284,1986
1739,1986
2404,1986
1199,1986
1988,1987
2405,1987
1247,1987
1206,1987
1201,1987
1202,1987
1205,1987
2004,1987
1204,1987
1990,1987
1203,1987
1989,1987
1247,1988
2405,1988
2004,1988
1987,1988
1203,1988
1207,1988
1206,1988
1205,1988
1204,1988
1202,1988
1209,1989
1210,1989
1211,1989
1987,1989
1777,1989
2405,1989
1990,1989
1208,1989
1290,1990
1212,1990
1213,1990
2405,1990
1987,1990
1989,1990
1460,1991
2406,1991
1409,1991
1407,1991
1221,1991
1214,1991
1220,1991
1216,1991
1217,1991
1218,1991
1219,1991
1215,1991
2103,1992
1411,1992
2406,1992
1749,1992
1224,1993
1223,1993
1753,1993
1222,1993
2407,1993
2408,1994
1998,1994
2399,1994
1226,1994
1225,1994
2408,1995
2399,1995
1227,1995
1751,1995
2409,1996
1998,1996
2409,1997
2399,1998
2237,1998
2401,1998
2301,1998
2233,1998
1974,1998
1975,1998
1242,1998
2410,1998
1999,1998
2409,1998
2298,1998
2241,1998
2403,1998
1274,1998
1228,1998
1775,1998
1230,1998
1994,1998
1231,1998
1232,1998
1229,1998
1233,1998
1234,1998
1739,1998
1996,1998
2238,1998
1236,1998
1237,1998
1770,1998
1235,1998
2410,1999
1998,1999
1238,1999
2236,1999
2000,1999
1999,2000
1238,2000
2410,2000
1751,2001
2411,2001
1239,2001
1240,2001
2411,2002
1240,2002
1239,2002
1751,2002
2193,2003
2018,2003
1245,2003
1244,2003
1243,2003
1242,2003
1241,2003
2412,2003
1985,2003
1328,2003
1270,2003
1253,2004
1988,2004
2005,2004
1249,2004
1250,2004
1801,2004
1778,2004
1792,2004
2254,2004
1618,2004
1875,2004
1251,2004
1252,2004
1800,2004
1987,2004
1777,2004
1248,2004
1645,2004
2413,2004
1246,2004
1247,2004
2413,2005
1254,2005
2404,2005
1815,2005
2004,2005
1264,2006
1256,2006
1262,2006
1745,2006
1261,2006
1260,2006
1259,2006
2223,2006
1258,2006
1265,2006
1263,2006
1257,2006
1854,2006
2414,2006
1671,2006
1255,2006
2223,2007
2414,2007
2031,2008
1269,2008
1308,2008
1268,2008
1267,2008
1266,2008
1918,2008
2142,2008
2281,2008
1378,2008
1309,2008
1340,2008
2416,2008
2416,2009
2141,2009
1270,2009
1271,2009
1340,2009
1308,2009
1686,2010
1750,2010
2310,2010
1739,2010
1272,2010
1273,2010
1675,2010
2417,2010
1274,2011
1275,2011
1276,2011
1277,2011
2417,2011
2418,2012
2224,2012
1806,2012
1850,2013
2267,2013
1861,2013
1777,2013
2014,2013
2419,2013
1279,2013
1280,2013
1848,2013
1278,2013
1797,2014
1280,2014
2013,2014
1848,2014
1281,2014
2419,2014
1283,2015
1282,2015
1760,2015
2016,2015
2235,2015
2420,2015
1742,2015
2245,2015
2148,2016
2420,2016
2015,2016
2223,2017
1686,2017
1660,2017
1661,2017
1669,2017
1794,2017
1680,2017
1681,2017
1689,2017
2022,2017
1759,2017
1672,2017
1673,2017
1664,2017
2421,2017
1663,2017
2248,2018
2423,2018
1284,2018
1896,2018
1285,2018
2054,2018
1675,2018
1286,2018
2076,2018
2066,2018
1311,2018
2259,2018
2398,2018
1918,2018
2003,2018
1287,2018
1380,2018
2424,2019
2426,2020
1288,2021
2427,2021
1289,2021
1671,2022
1668,2022
1669,2022
1672,2022
2017,2022
2422,2022
1680,2022
1292,2022
1690,2022
1645,2022
2411,2022
2149,2022
1291,2022
2098,2022
2223,2022
2425,2022
2428,2022
1290,2022
1667,2022
1610,2022
1685,2022
1762,2023
2429,2023
1293,2023
2397,2023
1761,2023
2255,2023
2252,2023
2182,2023
2284,2023
1826,2023
1796,2023
1860,2023
2429,2024
1295,2024
1296,2024
1294,2024
1297,2025
2252,2025
2253,2025
2429,2025
2429,2026
1298,2026
2429,2027
1299,2027
2028,2027
2431,2027
1299,2028
2429,2028
2027,2028
2433,2028
1301,2029
1300,2029
2435,2029
1652,2030
2435,2030
2208,2030
2435,2031
1302,2031
2008,2031
2332,2032
2436,2032
1378,2032
2081,2032
2036,2032
1840,2032
1711,2033
2229,2033
2436,2033
2229,2034
1711,2034
2436,2034
2436,2035
2229,2035
1711,2035
2032,2036
2081,2036
2436,2036
1819,2037
2332,2037
2436,2037
2063,2038
2436,2038
1317,2038
2436,2039
1303,2039
2436,2040
2311,2040
1938,2041
2042,2041
2437,2041
1304,2041
1944,2041
2066,2042
2041,2042
2437,2042
2141,2042
2336,2043
2437,2043
1305,2043
1306,2044
2439,2044
2045,2044
2048,2044
2044,2045
2439,2045
1307,2045
2439,2046
1649,2046
2439,2047
2070,2047
2044,2048
2439,2048
2439,2049
2217,2050
1672,2050
1331,2050
2440,2050
2167,2050
1948,2050
2440,2051
1308,2051
2066,2051
1397,2051
1309,2051
1310,2052
1326,2052
1311,2052
2440,2052
1948,2053
2440,2053
2095,2054
2335,2054
1679,2054
2018,2054
2441,2054
2056,2055
2442,2055
2055,2056
2442,2056
2443,2057
1312,2057
1382,2057
1313,2058
2443,2058
1679,2058
2290,2059
2061,2059
2077,2059
1314,2059
2078,2059
2444,2059
1559,2060
2444,2060
1717,2060
2230,2060
2128,2060
2444,2061
1315,2061
2059,2061
2444,2062
2169,2063
1879,2063
2445,2063
2038,2063
1316,2063
1317,2063
1318,2064
1319,2064
2445,2064
2445,2065
1353,2066
1356,2066
1343,2066
1357,2066
1820,2066
1941,2066
1359,2066
2437,2066
1350,2066
1344,2066
1943,2066
1349,2066
1952,2066
1942,2066
1348,2066
1347,2066
1352,2066
1358,2066
1360,2066
1362,2066
1944,2066
1361,2066
1947,2066
2396,2066
1953,2066
1355,2066
1597,2066
1351,2066
1345,2066
1638,2066
1354,2066
1595,2066
1346,2066
1617,2066
1402,2066
1336,2066
1335,2066
2051,2066
1320,2066
1588,2066
2141,2066
1324,2066
2189,2066
2042,2066
1939,2066
1323,2066
1333,2066
2447,2066
2018,2066
1322,2066
1332,2066
1598,2066
1587,2066
1321,2066
1969,2066
1331,2066
1712,2066
1970,2066
1334,2066
1337,2066
1937,2066
1918,2066
1589,2066
1327,2066
1329,2066
2344,2066
1341,2066
1940,2066
1342,2066
1339,2066
1330,2066
1326,2066
2354,2066
1325,2066
2157,2066
1338,2066
1328,2066
1340,2066
1363,2067
1918,2067
2447,2067
2447,2068
1364,2068
2447,2069
1450,2070
2448,2070
1366,2070
1365,2070
2047,2070
1919,2071
1650,2071
1367,2071
2448,2071
1515,2072
1369,2072
2103,2072
1370,2072
1462,2072
2449,2072
1368,2072
1487,2072
1434,2072
2085,2073
1439,2073
2103,2073
2449,2073
1371,2073
2450,2074
1715,2075
1721,2075
1372,2075
1951,2075
1718,2075
2396,2075
2451,2075
2139,2076
2018,2076
1373,2076
1374,2076
2451,2076
2059,2077
2080,2077
1375,2077
2452,2077
2078,2077
2452,2078
1375,2078
1376,2078
2077,2078
2059,2078
1829,2079
2452,2079
1377,2079
2452,2080
2077,2080
2436,2081
1378,2081
2036,2081
2032,2081
2332,2081
2453,2081
2332,2082
1379,2082
1881,2082
2453,2082
2445,2082
2090,2083
2453,2083
1382,2084
2407,2084
1796,2084
2454,2084
2240,2084
1384,2084
1380,2084
1950,2084
1383,2084
1381,2084
2398,2084
1797,2084
1385,2085
2449,2085
2456,2085
1444,2085
2073,2085
1535,2085
1462,2085
1386,2086
1484,2086
2456,2086
1390,2087
1389,2087
2415,2087
1388,2087
2379,2087
2094,2087
1976,2087
1387,2087
2457,2087
1406,2087
2457,2088
2089,2088
2457,2089
2088,2089
1931,2090
2458,2090
2111,2090
2442,2090
2083,2090
2458,2091
1907,2091
1391,2092
1392,2092
1400,2092
2103,2092
2460,2092
2186,2093
2461,2093
2156,2093
1648,2093
2221,2093
2187,2093
2463,2094
2087,2094
2398,2095
2438,2095
2054,2095
2455,2095
2464,2095
2441,2095
2459,2095
2454,2095
1753,2096
2465,2096
1798,2096
1393,2096
1394,2097
2465,2097
2465,2098
2022,2098
1396,2099
2466,2099
1395,2099
1397,2100
2466,2100
2168,2101
1399,2101
2186,2101
2346,2101
2178,2101
1398,2101
2467,2101
2159,2101
1713,2101
2187,2101
1877,2102
1715,2102
1400,2102
1920,2102
2358,2102
2356,2102
1553,2102
2111,2102
2467,2102
1554,2102
1439,2103
1440,2103
1442,2103
1749,2103
1504,2103
1438,2103
1431,2103
1437,2103
1436,2103
1505,2103
1443,2103
1444,2103
1435,2103
1441,2103
1543,2103
1432,2103
1433,2103
1506,2103
1968,2103
1503,2103
1434,2103
1945,2103
1446,2103
1493,2103
1465,2103
1466,2103
1467,2103
1492,2103
1491,2103
1490,2103
1489,2103
1468,2103
1488,2103
1487,2103
1469,2103
1470,2103
1464,2103
1471,2103
1472,2103
1473,2103
1474,2103
1475,2103
1476,2103
1485,2103
1484,2103
1477,2103
1478,2103
1479,2103
1480,2103
1481,2103
1482,2103
1486,2103
1445,2103
1463,2103
1546,2103
1447,2103
1502,2103
1448,2103
1449,2103
1501,2103
1450,2103
1451,2103
1452,2103
1793,2103
1500,2103
1453,2103
1454,2103
1455,2103
1462,2103
1499,2103
1922,2103
1498,2103
1497,2103
1496,2103
1457,2103
1544,2103
1458,2103
1495,2103
1459,2103
1545,2103
1460,2103
1494,2103
1461,2103
1456,2103
1430,2103
2092,2103
1429,2103
1915,2103
1928,2103
1507,2103
1523,2103
1540,2103
1522,2103
1541,2103
1644,2103
1542,2103
1539,2103
2406,2103
1643,2103
1918,2103
1520,2103
1519,2103
1518,2103
1517,2103
1992,2103
1516,2103
1401,2103
1521,2103
1402,2103
2073,2103
1592,2103
1535,2103
2460,2103
1534,2103
1536,2103
2239,2103
2449,2103
1533,2103
1532,2103
1681,2103
2072,2103
1531,2103
1529,2103
1528,2103
2468,2103
1527,2103
1537,2103
1538,2103
1526,2103
1525,2103
1524,2103
1530,2103
1403,2103
1483,2103
1511,2103
1510,2103
1414,2103
1415,2103
1427,2103
1409,2103
1410,2103
1426,2103
1428,2103
1404,2103
1413,2103
1425,2103
1411,2103
1513,2103
1424,2103
1514,2103
1412,2103
1422,2103
1420,2103
1419,2103
1515,2103
1512,2103
1405,2103
1406,2103
1418,2103
1407,2103
1417,2103
1421,2103
1423,2103
1508,2103
1509,2103
1416,2103
1678,2103
1408,2103
2105,2104
2469,2104
2469,2105
2104,2105
2470,2106
2336,2106
2112,2106
2472,2107
2473,2108
2474,2109
2475,2110
1555,2111
1728,2111
2473,2111
1879,2111
2337,2111
2343,2111
1548,2111
2363,2111
1714,2111
1556,2111
2476,2111
1691,2111
1554,2111
2437,2111
1551,2111
2358,2111
2376,2111
1920,2111
1715,2111
2373,2111
1553,2111
2102,2111
1549,2111
2462,2111
1552,2111
1557,2111
2355,2111
2442,2111
1547,2111
2341,2111
2090,2111
1550,2111
2345,2111
2477,2112
2219,2112
2106,2112
2477,2113
1829,2113
1714,2114
2436,2114
2478,2114
1829,2115
1618,2115
2479,2115
2479,2116
2353,2117
2483,2117
1924,2117
1558,2118
2484,2118
1559,2119
2488,2119
1560,2120
2490,2120
1561,2120
1562,2121
1699,2121
1564,2121
1565,2121
2491,2121
1566,2121
1563,2121
2128,2122
2492,2122
1570,2122
1569,2122
1567,2123
2493,2123
2338,2124
1899,2124
2498,2124
1900,2124
1902,2124
2127,2125
2499,2125
2497,2125
1568,2125
2499,2126
2503,2126
2125,2127
2505,2127
1570,2128
2506,2128
2060,2128
1569,2128
1571,2128
2122,2128
1575,2128
1574,2128
1572,2128
1573,2128
1577,2128
1576,2128
2502,2129
2507,2129
2509,2130
2510,2130
1578,2131
2511,2131
1580,2132
1582,2132
1581,2132
1579,2132
2514,2132
2516,2133
2516,2134
2516,2135
2516,2136
2519,2137
2518,2137
2138,2137
2287,2137
1828,2137
2519,2138
2329,2138
2137,2138
2076,2139
1583,2139
2520,2139
1892,2139
1608,2139
2140,2139
1584,2139
1892,2140
2139,2140
1585,2140
1608,2140
2520,2140
2142,2141
2339,2141
1937,2141
2277,2141
1938,2141
1820,2141
1803,2141
2042,2141
1943,2141
1593,2141
1594,2141
2396,2141
1896,2141
1942,2141
1591,2141
2437,2141
1597,2141
1590,2141
2009,2141
2412,2141
2522,2141
1587,2141
2066,2141
1940,2141
1921,2141
2348,2141
2350,2141
2440,2141
1588,2141
1589,2141
1586,2141
1592,2141
1600,2142
1943,2142
1599,2142
2008,2142
1601,2142
1595,2142
1596,2142
1639,2142
2522,2142
1602,2142
1598,2142
1603,2142
1604,2142
2281,2142
1597,2142
2141,2142
2144,2142
1839,2143
2292,2143
2522,2143
1605,2143
2142,2144
2522,2144
2523,2145
2287,2145
2526,2146
2524,2146
1607,2147
2527,2147
2287,2147
1606,2147
1608,2148
2520,2148
2531,2148
1610,2148
1892,2148
2016,2148
1609,2148
1884,2149
2152,2149
2531,2149
1859,2149
2022,2149
2223,2149
1672,2149
2152,2150
2151,2150
1846,2150
1864,2150
2531,2150
2150,2151
1611,2151
2531,2151
2149,2152
2533,2152
2150,2152
2531,2152
2535,2153
2532,2153
1885,2153
2536,2154
2534,2154
2194,2154
1614,2154
2160,2154
1612,2154
1638,2154
2192,2154
2166,2155
2536,2155
1623,2155
1621,2155
1614,2155
1613,2155
2205,2156
2346,2156
2093,2156
2536,2156
1648,2156
1615,2157
2536,2157
2357,2157
1918,2157
2066,2157
2536,2158
2396,2158
1921,2158
1617,2158
1616,2158
2311,2159
2101,2159
2184,2159
2536,2159
2214,2159
2311,2160
2154,2160
2536,2160
2255,2160
1619,2161
2536,2161
1618,2161
1620,2161
1719,2162
1900,2162
1621,2162
2536,2162
2296,2163
2303,2163
1864,2163
2536,2163
2332,2164
1887,2164
1819,2164
2536,2164
2536,2165
1622,2165
2311,2165
1879,2165
1623,2166
2536,2166
2155,2166
2050,2167
2253,2167
2536,2167
2536,2168
2101,2168
2516,2168
2536,2169
2063,2169
2230,2170
2536,2170
2536,2171
1873,2171
2536,2172
2516,2172
2536,2173
2223,2173
1624,2174
2536,2174
2536,2175
1625,2175
1717,2176
2536,2176
1626,2177
2536,2177
2101,2178
2536,2178
1627,2179
2536,2179
2314,2180
2536,2180
1855,2181
2536,2181
2537,2181
2271,2181
2537,2182
2023,2182
1761,2182
1668,2182
1684,2183
2537,2183
1983,2183
2450,2184
1734,2184
2159,2184
2230,2184
1713,2184
1629,2184
1630,2184
2540,2184
1628,2184
1632,2185
1631,2185
1829,2185
2540,2185
1768,2185
1648,2186
2093,2186
2540,2186
2204,2186
2101,2186
2093,2187
2540,2187
2204,2187
2101,2187
1648,2187
2540,2188
1633,2188
1634,2188
2230,2188
1648,2189
2066,2189
2540,2189
2540,2190
1819,2190
1635,2191
2540,2191
2154,2192
1642,2192
2440,2192
2195,2192
2196,2192
2194,2192
2197,2192
2541,2192
1636,2192
2003,2193
2401,2193
1637,2193
1973,2193
1640,2193
2541,2193
2192,2194
2541,2194
2154,2194
1642,2194
1638,2194
2541,2195
1642,2195
1639,2195
2192,2195
1640,2196
2541,2196
2192,2196
1642,2196
1642,2197
2541,2197
2192,2197
1641,2198
2541,2198
2541,2199
1642,2199
1644,2200
2230,2200
1643,2200
2542,2200
2542,2201
1645,2201
1646,2201
2542,2202
1647,2202
2542,2203
2543,2204
2205,2204
1648,2204
2186,2204
2221,2204
2187,2204
2204,2205
2156,2205
2221,2205
1648,2205
2543,2205
2225,2206
2226,2206
2543,2206
2544,2207
1650,2207
1651,2207
1649,2207
2435,2207
1652,2208
2435,2208
2544,2208
2030,2208
2544,2209
2349,2209
2215,2210
2216,2210
2546,2210
2232,2211
2547,2211
2311,2211
2212,2211
2545,2211
2547,2212
2211,2212
2549,2213
2546,2213
2215,2213
2550,2214
2159,2214
1653,2214
1725,2214
2230,2214
1724,2214
2352,2214
1654,2215
1976,2215
2216,2215
2213,2215
2210,2215
2551,2215
1654,2216
1655,2216
2210,2216
2551,2216
2215,2216
2050,2217
2250,2217
1663,2217
1661,2217
1660,2217
2552,2217
1664,2217
1657,2218
2335,2218
2418,2218
2552,2218
1656,2218
2112,2219
1658,2219
2552,2219
1661,2220
1659,2220
1671,2220
1662,2220
2553,2220
2461,2220
1663,2220
1660,2220
1664,2220
1665,2220
2553,2221
2093,2221
2204,2221
2205,2221
2554,2222
1666,2222
1673,2223
1862,2223
1674,2223
1686,2223
2422,2223
2443,2223
2239,2223
2022,2223
2017,2223
2007,2223
1671,2223
1667,2223
1670,2223
1668,2223
2556,2223
1672,2223
2006,2223
1669,2223
1690,2223
1682,2223
1683,2223
1684,2223
1687,2223
1685,2223
1676,2223
1681,2223
2149,2223
1847,2223
1677,2223
1680,2223
1678,2223
2173,2223
1675,2223
1679,2223
1688,2223
1689,2223
1691,2224
1692,2224
2012,2224
2556,2224
2557,2225
1693,2225
2206,2225
2297,2225
2206,2226
2557,2226
1694,2226
2558,2227
1695,2227
2559,2228
1696,2228
1699,2229
1702,2229
1708,2229
1706,2229
1703,2229
1705,2229
1704,2229
1707,2229
1709,2229
1700,2229
1698,2229
1697,2229
2033,2229
1804,2229
2034,2229
2035,2229
1701,2229
2563,2229
1710,2229
2550,2230
2564,2230
2551,2230
1733,2230
1711,2230
1723,2230
1734,2230
1722,2230
1730,2230
1735,2230
1729,2230
1736,2230
1728,2230
1737,2230
1721,2230
1724,2230
1727,2230
1720,2230
1732,2230
1726,2230
2365,2230
2367,2230
1719,2230
2335,2230
1718,2230
1717,2230
1716,2230
1715,2230
2444,2230
2450,2230
1714,2230
1713,2230
1712,2230
2363,2230
1731,2230
1761,2230
2170,2230
2184,2230
2188,2230
2060,2230
2200,2230
1943,2230
1725,2230
2214,2230
1926,2231
1738,2231
2565,2231
2566,2232
2545,2232
2311,2232
2211,2232
1751,2233
1998,2233
2234,2233
2238,2233
1739,2233
2567,2233
2237,2233
1776,2233
2233,2234
2236,2234
2238,2234
1740,2234
2567,2234
2237,2234
2241,2234
1986,2234
1756,2235
2567,2235
1744,2235
1741,2235
1742,2235
2015,2235
1743,2235
1745,2236
1746,2236
1747,2236
1999,2236
1751,2236
2234,2236
2567,2236
2233,2237
2238,2237
2234,2237
1998,2237
1748,2237
2567,2237
2567,2238
2234,2238
2233,2238
1998,2238
2237,2238
1749,2239
2223,2239
2103,2239
2567,2239
1750,2239
2255,2240
2567,2240
2084,2240
2407,2240
1751,2241
2567,2241
1998,2241
2234,2241
2567,2242
2251,2242
2247,2242
2246,2242
2567,2243
1846,2243
1753,2243
1752,2243
2567,2244
1754,2244
1755,2244
1756,2245
2015,2245
2567,2245
2567,2246
2247,2246
2242,2246
2242,2247
2246,2247
2567,2247
2018,2248
2567,2248
1757,2249
2567,2249
2567,2250
2217,2250
2242,2251
2567,2251
2023,2252
2025,2252
2567,2252
1955,2252
2415,2252
2400,2252
1961,2252
2568,2252
1768,2252
1767,2252
1766,2252
1765,2252
1976,2252
1764,2252
1758,2252
1763,2252
1810,2252
1762,2252
1761,2252
1760,2252
1759,2252
2568,2253
1769,2253
2167,2253
1860,2253
1856,2253
2397,2253
2025,2253
2004,2254
2260,2254
2261,2254
2568,2254
1770,2254
1972,2254
2023,2255
2303,2255
2160,2255
2568,2255
2240,2255
1771,2256
2303,2256
2568,2256
2271,2256
2568,2257
1772,2257
1980,2257
1774,2258
1773,2258
2568,2258
2567,2259
2568,2259
2018,2259
2568,2260
1775,2260
2254,2260
2254,2261
2568,2261
2568,2262
1776,2262
2529,2263
2568,2263
2569,2264
1779,2264
1784,2264
2278,2264
1795,2264
1786,2264
2269,2264
1973,2264
2268,2264
1785,2264
1790,2264
1789,2264
1778,2264
2270,2264
1780,2264
1788,2264
1787,2264
1791,2264
1782,2264
1799,2264
1777,2264
1781,2264
1783,2264
2268,2265
1807,2265
1869,2265
2309,2265
1863,2265
1973,2265
1809,2265
2307,2265
1798,2265
1793,2265
1795,2265
1796,2265
1808,2265
1792,2265
1799,2265
2569,2265
1797,2265
1794,2265
1801,2266
2269,2266
1803,2266
1804,2266
1875,2266
1802,2266
1800,2266
2569,2266
1805,2267
2402,2267
2569,2267
2013,2267
2264,2268
2569,2268
2568,2268
2265,2268
2569,2269
2266,2269
2264,2269
1973,2269
2569,2270
2264,2270
1807,2271
2306,2271
1809,2271
2310,2271
2181,2271
2256,2271
1808,2271
2570,2271
1867,2271
1810,2271
2308,2271
1811,2271
1806,2271
1812,2272
2570,2272
1813,2273
2571,2273
1814,2273
2333,2273
1815,2273
1817,2273
1816,2273
2571,2274
1818,2274
2568,2274
1838,2274
2276,2274
2283,2274
1888,2275
1890,2275
2571,2275
1819,2275
2334,2275
2571,2276
2277,2276
2282,2276
2274,2276
2311,2276
2276,2277
2571,2277
1820,2277
1836,2277
2141,2277
2264,2278
2571,2278
2333,2278
1876,2278
1821,2278
2333,2279
2571,2279
2326,2279
1823,2280
1822,2280
2571,2280
2008,2281
2142,2281
2571,2281
2571,2282
2276,2282
2571,2283
2274,2283
2572,2284
2023,2284
1824,2284
1825,2284
1827,2284
1826,2284
2288,2285
2573,2285
2573,2286
1828,2287
2137,2287
2574,2287
2288,2287
2329,2287
2519,2287
2331,2287
2147,2287
2527,2287
2145,2287
2574,2288
2287,2288
2285,2288
2289,2288
1828,2288
2574,2289
2288,2289
1829,2290
2059,2290
1833,2290
1831,2290
1830,2290
2575,2290
1832,2290
1835,2291
2430,2291
2576,2291
1834,2291
2575,2291
2143,2292
1836,2292
1837,2292
2293,2292
2577,2292
1838,2292
1839,2292
1842,2293
1843,2293
1841,2293
1840,2293
2577,2293
2292,2293
1844,2294
1843,2294
2577,2294
1845,2295
2577,2295
1850,2296
2578,2296
1851,2296
1852,2296
1853,2296
1847,2296
2298,2296
1849,2296
1846,2296
2163,2296
1848,2296
1861,2296
2578,2297
1855,2297
2225,2297
1854,2297
2335,2297
1858,2297
1856,2297
1857,2297
2578,2298
2296,2298
2570,2298
1998,2298
2537,2299
2536,2299
2578,2299
1859,2300
2578,2300
2578,2301
1998,2301
2578,2302
2306,2303
2579,2303
2255,2303
1861,2303
1862,2303
1860,2303
2256,2303
2163,2303
2579,2304
2579,2305
2271,2306
2580,2306
2303,2306
1863,2306
2579,2306
1865,2307
2265,2307
1864,2307
1866,2307
2580,2307
1867,2308
1868,2308
2580,2308
2271,2308
1870,2309
2265,2309
1869,2309
2580,2309
2010,2310
2580,2310
2271,2310
2547,2311
1871,2311
2436,2311
1872,2311
1874,2311
2159,2311
1876,2311
2276,2311
2211,2311
2160,2311
2581,2311
2165,2311
1889,2311
1873,2311
2232,2311
2040,2311
2536,2312
2581,2312
2516,2312
2581,2313
1876,2313
1875,2313
2180,2314
2536,2314
2581,2314
2581,2315
2516,2315
1877,2316
2581,2316
2322,2317
2582,2317
1878,2317
2324,2318
2582,2318
2319,2318
2582,2319
2324,2319
2318,2319
2582,2320
2583,2321
2322,2321
2323,2321
2325,2321
2321,2322
2317,2322
2583,2322
2583,2323
2321,2323
2319,2324
2318,2324
2586,2324
2582,2324
2586,2325
2321,2325
2582,2325
2279,2326
2591,2326
1879,2326
2328,2327
2591,2327
2591,2328
2327,2328
1880,2329
2287,2329
2592,2329
2138,2329
2518,2329
2574,2330
2573,2330
2528,2330
2593,2330
2595,2331
2287,2331
2081,2332
1882,2332
1889,2332
1881,2332
2596,2332
1886,2332
2037,2332
2032,2332
2164,2332
2082,2332
1884,2333
2278,2333
1883,2333
2594,2333
2279,2333
2436,2333
2273,2333
2596,2333
1885,2333
1886,2334
1888,2334
1889,2334
1887,2334
1891,2334
1890,2334
2275,2334
2596,2334
2368,2335
2054,2335
1894,2335
1892,2335
2297,2335
2218,2335
1893,2335
2599,2335
2520,2335
2230,2335
2356,2336
1895,2336
2599,2336
1896,2336
1897,2336
2446,2336
2043,2336
2470,2336
2106,2336
1910,2337
2111,2337
2343,2337
2599,2337
2442,2337
1898,2337
1909,2337
2599,2338
1902,2338
2124,2338
1899,2338
1900,2338
1901,2338
2396,2339
2348,2339
2141,2339
2599,2339
2350,2339
1905,2340
1904,2340
2599,2340
1906,2340
1903,2340
2355,2341
2599,2341
2111,2341
2446,2341
2377,2341
1907,2342
1927,2342
1908,2342
1931,2342
2599,2342
1910,2343
1909,2343
2337,2343
2111,2343
2599,2343
2599,2344
2066,2344
2396,2344
1911,2344
1912,2344
2111,2345
1913,2345
2462,2345
2599,2345
2536,2346
2101,2346
2156,2346
2599,2346
1915,2347
2351,2347
2599,2347
2429,2347
2339,2348
2599,2348
2141,2348
2396,2348
2599,2349
2209,2349
1914,2349
1915,2349
2599,2350
2141,2350
2396,2350
2339,2350
2599,2351
2429,2351
2347,2351
1915,2351
2214,2352
1916,2352
2599,2352
2536,2352
1917,2353
2117,2353
1924,2353
2599,2353
2066,2354
1919,2354
2599,2354
1918,2354
2341,2355
2446,2355
2599,2355
2111,2355
2336,2356
2102,2356
1920,2356
2599,2356
2157,2357
1921,2357
2599,2357
1922,2357
2102,2358
2111,2358
2599,2358
1928,2359
1923,2359
2599,2359
1924,2360
2599,2360
2382,2360
1925,2361
2396,2361
2599,2361
2599,2362
1926,2362
1927,2362
2599,2363
2111,2363
2230,2363
1929,2364
1928,2364
2599,2364
2230,2365
2599,2365
2451,2365
2599,2366
1932,2366
1930,2366
2230,2367
2599,2367
2335,2368
2599,2368
1931,2369
2599,2369
1932,2370
2599,2370
2437,2371
2599,2371
2599,2372
2381,2372
2599,2373
2111,2373
2599,2374
1933,2374
2599,2375
1934,2375
2111,2376
2599,2376
2599,2377
2341,2377
2599,2378
2396,2378
2599,2379
2087,2379
2458,2380
2599,2380
2372,2381
2599,2381
2599,2382
2360,2382
1935,2383
2599,2383
2599,2384
2599,2385
2599,2386
2599,2387
2599,2388
2599,2389
2599,2390
2599,2391
2599,2392
2599,2393
2599,2394
2599,2395
1946,2396
2600,2396
1943,2396
1944,2396
2471,2396
1938,2396
1939,2396
2339,2396
2348,2396
2158,2396
2437,2396
1945,2396
1953,2396
2141,2396
1954,2396
2066,2396
2344,2396
2378,2396
1948,2396
2350,2396
1940,2396
1936,2396
1937,2396
1941,2396
1947,2396
2361,2396
2075,2396
1949,2396
1951,2396
1952,2396
1950,2396
1942,2396
2023,2397
1957,2397
1960,2397
1956,2397
1959,2397
1958,2397
2253,2397
1961,2397
1955,2397
2600,2397
2567,2398
2600,2398
2018,2398
2464,2398
2084,2398
2455,2398
2095,2398
2407,2398
2459,2398
1962,2398
2408,2399
1995,2399
2600,2399
1965,2399
1998,2399
1963,2399
1964,2399
1994,2399
1966,2399
1969,2400
2252,2400
2600,2400
1968,2400
2437,2400
1971,2400
1970,2400
1967,2400
2193,2401
2600,2401
1975,2401
1998,2401
1974,2401
1972,2401
1973,2401
2567,2402
1976,2402
1977,2402
1978,2402
2267,2402
2600,2402
1979,2402
2600,2403
1980,2403
1982,2403
1981,2403
1998,2403
1983,2403
1984,2403
2412,2404
2600,2404
1986,2404
1985,2404
2567,2404
2005,2404
2600,2405
1988,2405
1987,2405
1989,2405
1990,2405
1992,2406
2600,2406
1991,2406
2103,2406
2421,2406
2600,2407
2240,2407
2084,2407
2398,2407
1993,2407
2399,2408
2600,2408
1995,2408
1994,2408
2600,2409
1998,2409
1997,2409
1996,2409
2000,2410
1999,2410
1998,2410
2600,2410
2001,2411
2022,2411
2002,2411
2600,2411
2600,2412
2003,2412
2141,2412
2404,2412
2004,2413
2600,2413
2005,2413
2600,2414
2006,2414
2007,2414
2600,2415
2252,2415
2087,2415
2008,2416
2009,2416
2600,2416
2010,2417
2011,2417
2600,2417
2600,2418
2218,2418
2012,2418
2600,2419
2014,2419
2013,2419
2015,2420
2600,2420
2016,2420
2017,2421
2406,2421
2600,2421
2600,2422
2223,2422
2022,2422
2018,2423
2600,2423
2600,2424
2019,2424
2600,2425
2022,2425
2020,2426
2600,2426
2021,2427
2600,2427
2600,2428
2022,2428
2351,2429
2023,2429
2601,2429
2347,2429
2434,2429
2433,2429
2536,2429
2460,2429
2431,2429
2025,2429
2026,2429
2028,2429
2024,2429
2027,2429
2291,2430
2601,2430
2432,2430
2429,2431
2601,2431
2027,2431
2601,2432
2576,2432
2430,2432
2601,2433
2028,2433
2429,2433
2601,2434
2429,2434
2207,2435
2208,2435
2031,2435
2603,2435
2544,2435
2030,2435
2029,2435
2039,2436
2333,2436
2114,2436
2081,2436
2311,2436
2478,2436
2038,2436
2040,2436
2604,2436
2036,2436
2035,2436
2037,2436
2034,2436
2453,2436
2032,2436
2033,2436
2043,2437
2475,2437
2041,2437
2042,2437
2396,2437
2141,2437
2440,2437
2400,2437
2371,2437
2604,2437
2111,2437
2066,2437
2459,2438
2441,2438
2604,2438
2454,2438
2443,2438
2095,2438
2464,2438
2455,2438
2448,2439
2048,2439
2047,2439
2046,2439
2045,2439
2049,2439
2044,2439
2604,2439
2051,2440
2050,2440
2141,2440
2053,2440
2052,2440
2192,2440
2604,2440
2437,2440
2054,2441
2438,2441
2466,2441
2604,2441
2095,2441
2443,2441
2454,2441
2337,2442
2604,2442
2111,2442
2056,2442
2090,2442
2055,2442
2599,2442
2438,2443
2441,2443
2223,2443
2057,2443
2058,2443
2604,2443
2060,2444
2059,2444
2061,2444
2062,2444
2604,2444
2230,2444
2604,2445
2063,2445
2064,2445
2065,2445
2082,2445
2604,2446
2355,2446
2336,2446
2599,2446
2341,2446
2069,2447
2067,2447
2068,2447
2066,2447
2604,2447
2070,2448
2540,2448
2439,2448
2604,2448
2071,2448
2073,2449
2103,2449
2085,2449
2604,2449
2072,2449
2604,2450
2074,2450
2536,2450
2230,2450
2184,2450
2599,2451
2076,2451
2075,2451
2365,2451
2604,2451
2080,2452
2604,2452
2077,2452
2078,2452
2079,2452
2082,2453
2083,2453
2081,2453
2604,2453
2436,2453
2084,2454
2604,2454
2438,2454
2095,2454
2441,2454
2398,2455
2438,2455
2095,2455
2604,2455
2085,2456
2604,2456
2086,2456
2468,2456
2089,2457
2088,2457
2087,2457
2604,2457
2604,2458
2091,2458
2090,2458
2380,2458
2095,2459
2604,2459
2398,2459
2438,2459
2429,2460
2604,2460
2103,2460
2092,2460
2220,2461
2093,2461
2604,2461
2549,2461
2599,2462
2604,2462
2111,2462
2345,2462
2467,2463
2575,2463
2094,2463
2604,2463
2095,2464
2438,2464
2604,2464
2398,2464
2096,2465
2097,2465
2098,2465
2604,2465
2441,2466
2604,2466
2099,2466
2100,2466
2604,2467
2102,2467
2101,2467
2463,2467
2103,2468
2456,2468
2604,2468
2104,2469
2604,2469
2105,2469
2106,2470
2604,2470
2336,2470
2604,2471
2396,2471
2599,2471
2489,2472
2107,2472
2604,2472
2108,2473
2111,2473
2604,2473
2109,2474
2604,2474
2599,2474
2110,2475
2437,2475
2604,2475
2599,2476
2604,2476
2111,2476
2604,2477
2113,2477
2112,2477
2604,2478
2436,2478
2114,2478
2115,2479
2604,2479
2116,2479
2599,2480
2604,2480
2604,2481
2579,2481
2579,2482
2604,2482
2117,2483
2604,2483
2118,2484
2604,2484
2604,2485
2599,2485
2599,2486
2604,2486
2604,2487
2599,2487
2119,2488
2604,2488
2604,2489
2472,2489
2604,2490
2120,2490
2121,2491
2604,2491
2604,2492
2122,2492
2604,2493
2123,2493
2604,2494
2604,2495
2604,2496
2500,2497
2501,2497
2499,2497
2502,2497
2498,2497
2605,2497
2506,2497
2125,2497
2605,2498
2500,2498
2124,2498
2504,2498
2499,2498
2501,2498
2497,2498
2536,2498
2505,2499
2498,2499
2497,2499
2605,2499
2125,2499
2126,2499
2501,2499
2497,2500
2504,2500
2605,2500
2498,2500
2501,2500
2605,2501
2499,2501
2500,2501
2498,2501
2497,2501
2605,2502
2503,2502
2497,2502
2129,2502
2126,2503
2502,2503
2605,2503
2507,2503
2508,2504
2605,2504
2500,2504
2498,2504
2516,2505
2499,2505
2605,2505
2127,2505
2128,2506
2497,2506
2605,2506
2605,2507
2503,2507
2129,2507
2605,2508
2504,2508
2130,2509
2608,2509
2608,2510
2130,2510
2610,2511
2131,2511
2610,2512
2612,2513
2132,2514
2613,2514
2614,2515
2134,2516
2136,2516
2133,2516
2505,2516
2172,2516
2312,2516
2581,2516
2315,2516
2536,2516
2616,2516
2168,2516
2135,2516
2612,2517
2583,2517
2619,2517
2621,2518
2521,2518
2530,2518
2595,2518
2137,2518
2329,2518
2621,2519
2574,2519
2137,2519
2573,2519
2287,2519
2138,2519
2335,2520
2148,2520
2621,2520
2140,2520
2139,2520
2518,2521
2592,2521
2573,2521
2523,2521
2621,2521
2143,2522
2142,2522
2144,2522
2621,2522
2141,2522
2521,2523
2526,2523
2621,2523
2145,2523
2524,2523
2146,2524
2526,2524
2621,2524
2523,2524
2593,2525
2538,2525
2621,2525
2539,2525
2523,2526
2146,2526
2524,2526
2621,2526
2287,2527
2592,2527
2621,2527
2147,2527
2621,2528
2330,2528
2621,2529
2263,2529
2621,2530
2518,2530
2533,2531
2149,2531
2148,2531
2152,2531
2150,2531
2622,2531
2151,2531
2153,2532
2535,2532
2622,2532
2531,2533
2622,2533
2152,2533
2571,2534
2622,2534
2154,2534
2532,2535
2153,2535
2622,2535
2623,2536
2181,2536
2554,2536
2498,2536
2180,2536
2166,2536
2165,2536
2164,2536
2163,2536
2162,2536
2161,2536
2450,2536
2160,2536
2159,2536
2167,2536
2312,2536
2314,2536
2157,2536
2516,2536
2156,2536
2155,2536
2346,2536
2352,2536
2581,2536
2429,2536
2158,2536
2299,2536
2154,2536
2175,2536
2168,2536
2178,2536
2169,2536
2177,2536
2179,2536
2176,2536
2170,2536
2174,2536
2173,2536
2172,2536
2171,2536
2578,2537
2183,2537
2182,2537
2623,2537
2181,2537
2299,2537
2594,2538
2597,2538
2525,2538
2624,2538
2627,2539
2525,2539
2187,2540
2184,2540
2189,2540
2190,2540
2628,2540
2191,2540
2448,2540
2185,2540
2188,2540
2607,2540
2186,2540
2194,2541
2198,2541
2197,2541
2193,2541
2195,2541
2542,2541
2196,2541
2628,2541
2199,2541
2192,2541
2555,2542
2202,2542
2200,2542
2201,2542
2546,2542
2548,2542
2203,2542
2628,2542
2541,2542
2604,2543
2628,2543
2558,2543
2204,2543
2205,2543
2206,2543
2628,2544
2435,2544
2207,2544
2208,2544
2545,2544
2209,2544
2544,2545
2211,2545
2628,2545
2547,2545
2546,2545
2232,2545
2542,2546
2549,2546
2628,2546
2545,2546
2213,2546
2210,2546
2628,2547
2311,2547
2545,2547
2211,2547
2212,2547
2628,2548
2561,2548
2542,2548
2555,2548
2546,2549
2213,2549
2628,2549
2461,2549
2214,2550
2559,2550
2230,2550
2628,2550
2628,2551
2216,2551
2215,2551
2230,2551
2628,2552
2219,2552
2217,2552
2218,2552
2220,2553
2628,2553
2221,2553
2536,2554
2222,2554
2628,2554
2548,2555
2628,2555
2542,2555
2223,2556
2628,2556
2224,2556
2226,2557
2628,2557
2225,2557
2227,2558
2543,2558
2628,2558
2228,2559
2550,2559
2628,2559
2562,2560
2604,2560
2628,2560
2548,2561
2628,2561
2628,2562
2560,2562
2628,2563
2229,2563
2628,2564
2230,2564
2628,2565
2231,2565
2628,2566
2232,2566
2252,2567
2233,2567
2234,2567
2235,2567
2236,2567
2237,2567
2238,2567
2239,2567
2240,2567
2629,2567
2241,2567
2249,2567
2398,2567
2248,2567
2247,2567
2402,2567
2404,2567
2246,2567
2259,2567
2245,2567
2568,2567
2250,2567
2244,2567
2251,2567
2243,2567
2242,2567
2258,2568
2569,2568
2259,2568
2262,2568
2263,2568
2260,2568
2261,2568
2257,2568
2268,2568
2252,2568
2567,2568
2253,2568
2274,2568
2255,2568
2256,2568
2254,2568
2629,2568
2629,2569
2264,2569
2568,2569
2265,2569
2266,2569
2270,2569
2267,2569
2268,2569
2269,2569
2271,2570
2298,2570
2272,2570
2629,2570
2281,2571
2275,2571
2276,2571
2273,2571
2277,2571
2630,2571
2274,2571
2534,2571
2279,2571
2278,2571
2283,2571
2282,2571
2280,2571
2632,2572
2284,2572
2286,2573
2285,2573
2519,2573
2636,2573
2521,2573
2621,2573
2330,2573
2592,2573
2289,2574
2330,2574
2288,2574
2636,2574
2287,2574
2621,2574
2519,2574
2576,2575
2290,2575
2463,2575
2637,2575
2291,2575
2637,2576
2432,2576
2575,2576
2291,2576
2292,2577
2294,2577
2295,2577
2293,2577
2638,2577
2301,2578
2537,2578
2296,2578
2297,2578
2298,2578
2299,2578
2579,2578
2300,2578
2639,2578
2302,2578
2306,2579
2482,2579
2305,2579
2639,2579
2304,2579
2481,2579
2578,2579
2303,2579
2639,2580
2306,2580
2307,2580
2308,2580
2309,2580
2310,2580
2313,2581
2314,2581
2315,2581
2311,2581
2316,2581
2312,2581
2516,2581
2641,2581
2536,2581
2644,2582
2617,2582
2609,2582
2317,2582
2318,2582
2586,2582
2584,2582
2325,2582
2319,2582
2611,2582
2320,2582
2324,2582
2588,2582
2616,2582
2321,2583
2322,2583
2644,2583
2323,2583
2517,2583
2582,2584
2644,2584
2644,2585
2589,2585
2324,2586
2582,2586
2645,2586
2325,2586
2644,2587
2645,2587
2609,2587
2644,2588
2645,2588
2582,2588
2585,2589
2645,2589
2645,2590
2644,2590
2646,2591
2327,2591
2326,2591
2647,2591
2328,2591
2329,2592
2595,2592
2573,2592
2527,2592
2521,2592
2621,2592
2648,2592
2636,2593
2648,2593
2621,2593
2525,2593
2330,2593
2604,2594
2333,2594
2648,2594
2538,2594
2518,2595
2331,2595
2592,2595
2648,2595
2332,2596
2334,2596
2648,2596
2333,2596
2648,2597
2538,2597
2636,2597
2648,2598
2376,2599
2375,2599
2374,2599
2373,2599
2371,2599
2377,2599
2370,2599
2369,2599
2368,2599
2367,2599
2372,2599
2378,2599
2392,2599
2380,2599
2393,2599
2382,2599
2395,2599
2384,2599
2385,2599
2386,2599
2387,2599
2388,2599
2389,2599
2394,2599
2390,2599
2391,2599
2379,2599
2381,2599
2361,2599
2365,2599
2335,2599
2336,2599
2337,2599
2338,2599
2339,2599
2340,2599
2341,2599
2342,2599
2343,2599
2344,2599
2345,2599
2346,2599
2347,2599
2348,2599
2366,2599
2349,2599
2351,2599
2602,2599
2352,2599
2353,2599
2354,2599
2355,2599
2356,2599
2357,2599
2358,2599
2359,2599
2360,2599
2362,2599
2363,2599
2364,2599
2350,2599
2383,2599
2446,2599
2471,2599
2474,2599
2476,2599
2462,2599
2480,2599
2649,2599
2485,2599
2451,2599
2486,2599
2487,2599
2442,2599
2420,2600
2400,2600
2649,2600
2428,2600
2427,2600
2426,2600
2425,2600
2424,2600
2423,2600
2421,2600
2419,2600
2422,2600
2417,2600
2404,2600
2405,2600
2406,2600
2407,2600
2408,2600
2418,2600
2396,2600
2397,2600
2403,2600
2398,2600
2409,2600
2410,2600
2411,2600
2412,2600
2413,2600
2414,2600
2399,2600
2415,2600
2416,2600
2401,2600
2402,2600
2649,2601
2434,2601
2432,2601
2431,2601
2430,2601
2429,2601
2602,2601
2433,2601
2649,2602
2599,2602
2601,2602
2435,2603
2650,2603
2490,2604
2560,2604
2472,2604
2543,2604
2473,2604
2652,2604
2474,2604
2475,2604
2471,2604
2476,2604
2495,2604
2477,2604
2478,2604
2479,2604
2494,2604
2480,2604
2481,2604
2482,2604
2483,2604
2484,2604
2493,2604
2485,2604
2492,2604
2486,2604
2491,2604
2487,2604
2488,2604
2489,2604
2496,2604
2469,2604
2444,2604
2470,2604
2451,2604
2450,2604
2449,2604
2448,2604
2447,2604
2446,2604
2436,2604
2445,2604
2437,2604
2443,2604
2442,2604
2441,2604
2440,2604
2439,2604
2453,2604
2454,2604
2452,2604
2456,2604
2468,2604
2467,2604
2466,2604
2465,2604
2464,2604
2455,2604
2594,2604
2463,2604
2438,2604
2461,2604
2460,2604
2459,2604
2458,2604
2457,2604
2462,2604
2652,2605
2508,2605
2507,2605
2506,2605
2505,2605
2504,2605
2501,2605
2502,2605
2500,2605
2499,2605
2498,2605
2497,2605
2503,2605
2652,2606
2540,2607
2653,2607
2654,2608
2610,2608
2509,2608
2510,2608
2611,2609
2615,2609
2655,2609
2644,2609
2646,2609
2587,2609
2582,2609
2511,2610
2655,2610
2512,2610
2608,2610
2609,2611
2644,2611
2582,2611
2655,2611
2517,2612
2513,2612
2655,2612
2514,2613
2655,2613
2515,2614
2655,2614
2617,2615
2646,2615
2644,2615
2655,2615
2656,2615
2609,2615
2644,2616
2582,2616
2646,2616
2516,2616
2655,2616
2656,2616
2582,2617
2615,2617
2644,2617
2655,2617
2656,2617
2656,2618
2619,2618
2655,2618
2656,2619
2618,2619
2517,2619
2656,2620
2655,2620
2527,2621
2574,2621
2573,2621
2520,2621
2519,2621
2521,2621
2522,2621
2523,2621
2524,2621
2528,2621
2530,2621
2526,2621
2518,2621
2525,2621
2622,2621
2529,2621
2657,2621
2593,2621
2592,2621
2657,2622
2531,2622
2532,2622
2533,2622
2534,2622
2535,2622
2621,2622
2657,2623
2537,2623
2536,2623
2648,2624
2538,2624
2657,2624
2657,2625
2628,2625
2657,2626
2636,2626
2539,2627
2657,2627
2542,2628
2550,2628
2560,2628
2551,2628
2552,2628
2566,2628
2562,2628
2565,2628
2561,2628
2549,2628
2558,2628
2543,2628
2557,2628
2554,2628
2548,2628
2547,2628
2546,2628
2545,2628
2544,2628
2556,2628
2540,2628
2541,2628
2555,2628
2559,2628
2553,2628
2563,2628
2564,2628
2658,2628
2625,2628
2569,2629
2567,2629
2658,2629
2570,2629
2568,2629
2571,2630
2658,2630
2631,2630
2658,2631
2630,2631
2658,2632
2572,2632
2650,2633
2658,2633
2658,2634
2650,2634
2658,2635
2573,2636
2574,2636
2597,2636
2626,2636
2659,2636
2593,2636
2575,2637
2657,2637
2659,2637
2576,2637
2657,2638
2659,2638
2577,2638
2660,2639
2580,2639
2578,2639
2657,2639
2579,2639
2660,2640
2641,2640
2642,2640
2642,2641
2661,2641
2640,2641
2581,2641
2640,2642
2641,2642
2661,2642
2665,2643
2668,2644
2645,2644
2655,2644
2646,2644
2611,2644
2583,2644
2609,2644
2617,2644
2616,2644
2588,2644
2615,2644
2587,2644
2590,2644
2584,2644
2582,2644
2585,2644
2644,2645
2586,2645
2587,2645
2588,2645
2589,2645
2668,2645
2590,2645
2668,2646
2615,2646
2609,2646
2591,2646
2616,2646
2647,2646
2644,2646
2591,2647
2646,2647
2668,2647
2596,2648
2592,2648
2593,2648
2594,2648
2657,2648
2659,2648
2595,2648
2597,2648
2624,2648
2598,2648
2669,2648
2602,2649
2670,2649
2600,2649
2599,2649
2601,2649
2651,2650
2670,2650
2603,2650
2634,2650
2633,2650
2650,2651
2670,2651
2658,2651
2605,2652
2606,2652
2671,2652
2604,2652
2607,2653
2671,2653
2608,2654
2673,2654
2655,2654
2609,2655
2611,2655
2610,2655
2613,2655
2614,2655
2612,2655
2615,2655
2620,2655
2616,2655
2654,2655
2644,2655
2674,2655
2617,2655
2618,2655
2615,2656
2619,2656
2618,2656
2620,2656
2675,2656
2617,2656
2616,2656
2639,2657
2627,2657
2626,2657
2648,2657
2625,2657
2624,2657
2662,2657
2659,2657
2623,2657
2621,2657
2637,2657
2664,2657
2669,2657
2638,2657
2663,2657
2622,2657
2679,2657
2635,2658
2634,2658
2670,2658
2633,2658
2632,2658
2631,2658
2629,2658
2679,2658
2628,2658
2651,2658
2630,2658
2679,2659
2663,2659
2662,2659
2669,2659
2638,2659
2637,2659
2664,2659
2657,2659
2648,2659
2636,2659
2639,2660
2640,2660
2679,2660
2662,2660
2672,2660
2679,2661
2666,2661
2641,2661
2642,2661
2679,2662
2660,2662
2659,2662
2657,2662
2679,2663
2657,2663
2669,2663
2659,2663
2659,2664
2657,2664
2679,2664
2679,2665
2643,2665
2679,2666
2661,2666
2679,2667
2647,2668
2646,2668
2645,2668
2644,2668
2680,2668
2648,2669
2657,2669
2659,2669
2681,2669
2663,2669
2681,2670
2658,2670
2650,2670
2651,2670
2649,2670
2681,2671
2652,2671
2653,2671
2660,2672
2681,2672
2682,2673
2654,2673
2655,2674
2682,2674
2656,2675
2682,2675
2683,2676
2682,2676
2677,2676
2681,2676
2676,2677
2683,2677
2683,2678
2665,2679
2684,2679
2664,2679
2661,2679
2660,2679
2663,2679
2667,2679
2659,2679
2666,2679
2658,2679
2657,2679
2662,2679
2668,2680
2684,2680
2669,2681
2670,2681
2682,2681
2672,2681
2676,2681
2691,2681
2671,2681
2673,2682
2674,2682
2675,2682
2693,2682
2676,2682
2681,2682
2678,2683
2677,2683
2676,2683
2693,2683
2693,2684
2680,2684
2679,2684
2687,2685
2693,2685
2693,2686
2688,2686
2693,2687
2685,2687
2693,2688
2686,2688
2690,2689
2694,2689
2693,2689
2689,2690
2694,2690
2698,2691
2681,2691
2697,2692
2698,2692
2700,2693
2694,2693
2688,2693
2682,2693
2689,2693
2684,2693
2683,2693
2687,2693
2685,2693
2686,2693
2700,2694
2695,2694
2690,2694
2689,2694
2693,2694
2694,2695
2700,2695
2700,2696
2692,2697
2702,2697
2699,2697
2702,2698
2692,2698
2691,2698
2697,2699
2702,2699
2696,2700
2695,2700
2694,2700
2693,2700
2703,2700
2703,2701
2703,2702
2698,2702
2697,2702
2699,2702
2704,2702
2704,2703
2701,2703
2700,2703
2702,2703
2705,2704
2702,2704
2703,2704
2704,2705
2707,2706
2706,2707
